0 0.000141061 0.000127586 4.90918e-23 1.39505e-25 4.90918e-23 0.999731
0.12 0.000142724 0.000127586 5.51978e-23 1.39741e-25 5.51978e-23 0.99973
0.24 0.000148063 0.000127585 7.48157e-23 1.40529e-25 7.48157e-23 0.999724
0.36 0.000158214 0.000127584 1.12144e-22 1.42133e-25 1.12144e-22 0.999714
0.48 0.000175295 0.000127583 1.75018e-22 1.45097e-25 1.75018e-22 0.999697
0.6 0.000202769 0.000127581 2.7625e-22 1.50413e-25 2.7625e-22 0.99967
0.72 0.00024601 0.000127578 4.35746e-22 1.59861e-25 4.35746e-22 0.999626
0.84 0.000313145 0.000127573 6.8362e-22 1.7659e-25 6.8362e-22 0.999559
0.96 0.000416252 0.000127567 1.06466e-21 2.06164e-25 1.06466e-21 0.999456
1.08 0.000573038 0.00012756 1.64457e-21 2.58406e-25 1.64457e-21 0.999299
1.2 0.000809133 0.000127552 2.51848e-21 3.50663e-25 2.51848e-21 0.999063
1.32 0.00116117 0.000127544 3.82247e-21 5.13555e-25 3.82247e-21 0.998711
1.44 0.00168086 0.00012754 5.74868e-21 8.01144e-25 5.74868e-21 0.998192
1.56 0.00244025 0.000127551 8.56499e-21 1.30887e-24 8.56499e-21 0.997432
1.68 0.00353845 0.000127595 1.26399e-20 2.20518e-24 1.26399e-20 0.996334
1.8 0.00510984 0.000127709 1.84735e-20 3.78719e-24 1.84735e-20 0.994762
1.92 0.00733419 0.000127963 2.67347e-20 6.5786e-24 2.67347e-20 0.992538
2.04 0.0104484 0.000128486 3.83054e-20 1.15013e-23 3.83054e-20 0.989423
2.16 0.0147596 0.000129511 5.43299e-20 2.0175e-23 5.43299e-20 0.985111
2.28 0.0206597 0.000131458 7.62677e-20 3.54394e-23 7.62677e-20 0.979209
2.4 0.028639 0.000135068 1.05946e-19 6.22561e-23 1.05946e-19 0.971226
2.52 0.0392979 0.00014164 1.45602e-19 1.09258e-22 1.45602e-19 0.960561
2.64 0.0533517 0.00015343 1.97905e-19 1.91389e-22 1.97905e-19 0.946495
2.76 0.0716246 0.000174318 2.65928e-19 3.34343e-22 2.65928e-19 0.928201
2.88 0.0950225 0.00021092 3.53053e-19 5.81946e-22 3.53053e-19 0.904767
3 0.124475 0.000274395 4.62753e-19 1.00823e-21 4.62753e-19 0.87525
3.12 0.160838 0.000383365 5.98222e-19 1.73687e-21 5.98222e-19 0.838779
3.24 0.204738 0.000568547 7.61817e-19 2.97193e-21 7.61817e-19 0.794694
3.36 0.256385 0.000880021 9.54339e-19 5.0457e-21 9.54339e-19 0.742735
3.48 0.315357 0.00139859 1.17423e-18 8.49292e-21 1.17423e-18 0.683244
3.6 0.38042 0.00225379 1.41691e-18 1.41664e-20 1.41691e-18 0.617326
3.72 0.449447 0.00365333 1.67447e-18 2.34241e-20 1.67447e-18 0.546899
3.84 0.519504 0.00593462 1.93599e-18 3.84526e-20 1.93599e-18 0.474561
3.96 0.587077 0.00966279 2.18838e-18 6.2883e-20 2.18838e-18 0.40326
4.08 0.648343 0.015836 2.41738e-18 1.03096e-19 2.41738e-18 0.335821
4.2 0.699218 0.02635 2.60774e-18 1.71229e-19 2.60774e-18 0.274432
4.32 0.734705 0.0450886 2.74082e-18 2.92396e-19 2.74082e-18 0.220206
4.44 0.746789 0.0803563 2.78668e-18 5.21197e-19 2.78668e-18 0.172855
4.56 0.720371 0.149039 2.68891e-18 9.71215e-19 2.68891e-18 0.13059
4.68 0.632011 0.277008 2.3599e-18 1.82341e-18 2.3599e-18 0.090982
4.8 0.472769 0.472767 1.76604e-18 3.15902e-18 1.76604e-18 0.0544641
4.92 0.293241 0.679819 1.09603e-18 4.63192e-18 1.09603e-18 0.0269395
5.04 0.161385 0.826937 6.03649e-19 5.77232e-18 6.03649e-19 0.0116783
5.16 0.0866152 0.908486 3.24277e-19 6.52759e-18 3.24277e-19 0.00489887
5.28 0.0477424 0.950123 1.78918e-19 7.05138e-18 1.78918e-19 0.00213494
5.4 0.0273888 0.971611 1.02733e-19 7.45395e-18 1.02733e-19 0.00100062
5.52 0.0164325 0.983055 6.16785e-20 7.77335e-18 6.16785e-20 0.000512686
5.64 0.0106014 0.989103 3.98067e-20 8.00599e-18 3.98067e-20 0.000296066
5.76 0.00794736 0.991844 2.98427e-20 8.13365e-18 2.98427e-20 0.000209256
5.88 0.00767075 0.992127 2.87963e-20 8.14171e-18 2.87963e-20 0.00020276
6 0.00967593 0.990052 3.6304e-20 8.02934e-18 3.6304e-20 0.000272694
6.12 0.0145215 0.985022 5.44398e-20 7.81036e-18 5.44398e-20 0.000457117
6.24 0.0237244 0.975405 8.88431e-20 7.50481e-18 8.88431e-20 0.000870698
6.36 0.0406562 0.957526 1.52049e-19 7.12303e-18 1.52049e-19 0.00181743
6.48 0.0725904 0.923311 2.71098e-19 6.64204e-18 2.71098e-19 0.00409861
6.6 0.134101 0.856171 5.00158e-19 5.97468e-18 5.00158e-19 0.00972732
6.72 0.246794 0.730315 9.19475e-19 4.96734e-18 9.19475e-19 0.0228911
6.84 0.415375 0.536045 1.54632e-18 3.5714e-18 1.54632e-18 0.0485794
6.96 0.586118 0.328124 2.18066e-18 2.15133e-18 2.18066e-18 0.0857576
7.08 0.693629 0.178892 2.57948e-18 1.15969e-18 2.57948e-18 0.127478
7.2 0.733076 0.0956242 2.72513e-18 6.16104e-19 2.72513e-18 0.1713
7.32 0.72788 0.0528238 2.70487e-18 3.39842e-19 2.70487e-18 0.219296
7.44 0.69599 0.030431 2.58552e-18 1.96016e-19 2.58552e-18 0.273579
7.56 0.647163 0.0180921 2.40338e-18 1.16706e-19 2.40338e-18 0.334745
7.68 0.587168 0.0109544 2.17991e-18 7.06352e-20 2.17991e-18 0.401877
7.8 0.520407 0.00668932 1.93147e-18 4.29595e-20 1.93147e-18 0.472903
7.92 0.450842 0.00409835 1.67276e-18 2.60658e-20 1.67276e-18 0.545059
8.04 0.382063 0.00251667 1.41712e-18 1.57151e-20 1.41712e-18 0.61542
8.16 0.317065 0.0015535 1.17564e-18 9.39697e-21 1.17564e-18 0.681382
8.28 0.258024 0.000970885 9.56376e-19 5.57003e-21 9.56376e-19 0.741005
8.4 0.206225 0.000621566 7.64077e-19 3.27384e-21 7.64077e-19 0.793153
8.52 0.16213 0.000414139 6.00432e-19 1.90949e-21 6.00432e-19 0.837456
8.64 0.125559 0.000292172 4.64756e-19 1.10628e-21 4.64756e-19 0.874148
8.76 0.095906 0.000221146 3.54776e-19 6.37322e-22 3.54776e-19 0.903873
8.88 0.0723275 0.000180181 2.67353e-19 3.65469e-22 2.67353e-19 0.927492
9 0.0538995 0.000156781 1.99048e-19 2.08815e-22 1.99048e-19 0.945944
9.12 0.039717 0.000143551 1.46497e-19 1.18983e-22 1.46497e-19 0.960139
9.24 0.0289545 0.000136155 1.0663e-19 6.76696e-23 1.0663e-19 0.970909
9.36 0.0208936 0.000132075 7.67815e-20 3.84475e-23 7.67815e-20 0.978974
9.48 0.0149305 0.000129861 5.4709e-20 2.18442e-23 5.4709e-20 0.98494
9.6 0.0105716 0.000128684 3.85807e-20 1.24266e-23 3.85807e-20 0.9893
9.72 0.00742189 0.000128075 2.69314e-20 7.09137e-24 2.69314e-20 0.99245
9.84 0.00517145 0.000127772 1.8612e-20 4.07126e-24 1.8612e-20 0.994701
9.96 0.00358118 0.000127631 1.2736e-20 2.36256e-24 1.2736e-20 0.996291
10.08 0.00246952 0.000127571 8.63061e-21 1.3961e-24 8.63061e-21 0.997403
10.2 0.00170065 0.000127551 5.79284e-21 8.4952e-25 5.79284e-21 0.998172
10.32 0.00117438 0.00012755 3.85172e-21 5.40409e-25 3.85172e-21 0.998698
10.44 0.000817833 0.000127555 2.53753e-21 3.6559e-25 2.53753e-21 0.999055
10.56 0.000578676 0.000127562 1.65671e-21 2.66719e-25 1.65671e-21 0.999294
10.68 0.000419824 0.000127569 1.07214e-21 2.10803e-25 1.07214e-21 0.999453
10.8 0.000315318 0.000127574 6.87924e-22 1.79186e-25 6.87924e-22 0.999557
10.92 0.000247207 0.000127578 4.3777e-22 1.61316e-25 4.3777e-22 0.999625
11.04 0.000203226 0.000127581 2.76419e-22 1.51223e-25 2.76419e-22 0.999669
11.16 0.000175091 0.000127583 1.73331e-22 1.4553e-25 1.73331e-22 0.999697
11.28 0.000157276 0.000127584 1.08139e-22 1.42327e-25 1.08139e-22 0.999715
11.4 0.000146137 0.000127585 6.74387e-23 1.40532e-25 6.74387e-23 0.999726
11.52 0.000139314 0.000127586 4.25428e-23 1.39537e-25 4.25428e-23 0.999733
11.64 0.000135312 0.000127586 2.79588e-23 1.39002e-25 2.79588e-23 0.999737
11.76 0.000133229 0.000127586 2.03763e-23 1.3874e-25 2.03763e-23 0.999739
11.88 0.000132586 0.000127587 1.80346e-23 1.38663e-25 1.80346e-23 0.99974
