0 0.000141436 0.000127586 5.05217e-23 1.39531e-25 5.05217e-23 0.999731
0.12 0.000143145 0.000127586 5.68054e-23 1.39773e-25 5.68054e-23 0.999729
0.24 0.000148628 0.000127585 7.69785e-23 1.40578e-25 7.69785e-23 0.999724
0.36 0.000159048 0.000127584 1.15339e-22 1.4222e-25 1.15339e-22 0.999713
0.48 0.000176571 0.000127583 1.79911e-22 1.45251e-25 1.79911e-22 0.999696
0.6 0.000204739 0.000127581 2.83814e-22 1.50687e-25 2.83814e-22 0.999668
0.72 0.000249045 0.000127577 4.47416e-22 1.60346e-25 4.47416e-22 0.999623
0.84 0.000317792 0.000127573 7.01513e-22 1.77441e-25 7.01513e-22 0.999555
0.96 0.000423311 0.000127567 1.09188e-21 2.07654e-25 1.09188e-21 0.999449
1.08 0.000583669 0.000127559 1.6856e-21 2.61011e-25 1.6856e-21 0.999289
1.2 0.000824994 0.00012755 2.57977e-21 3.55203e-25 2.57977e-21 0.999047
1.32 0.00118461 0.000127542 3.91315e-21 5.21456e-25 3.91315e-21 0.998688
1.44 0.00171516 0.000127538 5.88153e-21 8.1488e-25 5.88153e-21 0.998157
1.56 0.00248995 0.000127549 8.75767e-21 1.33272e-24 8.75767e-21 0.997382
1.68 0.0036097 0.000127593 1.29165e-20 2.24654e-24 1.29165e-20 0.996263
1.8 0.00521093 0.000127708 1.88664e-20 3.85884e-24 1.88664e-20 0.994661
1.92 0.00747611 0.000127964 2.7287e-20 6.70253e-24 2.7287e-20 0.992396
2.04 0.0106454 0.000128492 3.90732e-20 1.17153e-23 3.90732e-20 0.989226
2.16 0.0150302 0.000129529 5.53856e-20 2.05438e-23 5.53856e-20 0.98484
2.28 0.0210271 0.0001315 7.77029e-20 3.60731e-23 7.77029e-20 0.978842
2.4 0.029132 0.000135153 1.07874e-19 6.3341e-23 1.07874e-19 0.970733
2.52 0.0399511 0.000141804 1.48162e-19 1.11108e-22 1.48162e-19 0.959907
2.64 0.0542061 0.000153733 2.01259e-19 1.94524e-22 2.01259e-19 0.94564
2.76 0.0727266 0.00017486 2.70262e-19 3.39619e-22 2.70262e-19 0.927099
2.88 0.0964219 0.000211863 3.58568e-19 5.90746e-22 3.58568e-19 0.903366
3 0.126222 0.000275997 4.69652e-19 1.02275e-21 4.69652e-19 0.873502
3.12 0.162974 0.000386026 6.06686e-19 1.76052e-21 6.06686e-19 0.83664
3.24 0.207292 0.000572863 7.71973e-19 3.00983e-21 7.71973e-19 0.792135
3.36 0.25936 0.00088685 9.66217e-19 5.10533e-21 9.66217e-19 0.739754
3.48 0.318719 0.00140911 1.18773e-18 8.58476e-21 1.18773e-18 0.679872
3.6 0.384092 0.00226954 1.43175e-18 1.43045e-20 1.43175e-18 0.613639
3.72 0.453312 0.00367619 1.69024e-18 2.36266e-20 1.69024e-18 0.543011
3.84 0.523415 0.00596677 1.95213e-18 3.87418e-20 1.95213e-18 0.470618
3.96 0.590875 0.00970663 2.20428e-18 6.32867e-20 2.20428e-18 0.399418
4.08 0.651881 0.0158942 2.43247e-18 1.0365e-19 2.43247e-18 0.332225
4.2 0.70238 0.0264264 2.62156e-18 1.71992e-19 2.62156e-18 0.271194
4.32 0.737413 0.0451901 2.75302e-18 2.9348e-19 2.75302e-18 0.217397
4.44 0.748989 0.0804985 2.79698e-18 5.22859e-19 2.79698e-18 0.170512
4.56 0.722008 0.149255 2.69701e-18 9.74022e-19 2.69701e-18 0.128737
4.68 0.633022 0.277336 2.36538e-18 1.82832e-18 2.36538e-18 0.0896427
4.8 0.473182 0.473181 1.76883e-18 3.16679e-18 1.76883e-18 0.0536367
4.92 0.293283 0.680195 1.09692e-18 4.64207e-18 1.09692e-18 0.0265216
5.04 0.161298 0.827206 6.037e-19 5.78378e-18 6.037e-19 0.0114966
5.16 0.0865069 0.908669 3.24053e-19 6.53957e-18 3.24053e-19 0.00482367
5.28 0.0476436 0.950253 1.78634e-19 7.06322e-18 1.78634e-19 0.00210301
5.4 0.027308 0.971706 1.0247e-19 7.46487e-18 1.0247e-19 0.000986223
5.52 0.0163731 0.983121 6.14739e-20 7.78237e-18 6.14739e-20 0.000505871
5.64 0.0105647 0.989143 3.96771e-20 8.0121e-18 3.96771e-20 0.000292928
5.76 0.00793433 0.991858 2.97965e-20 8.13601e-18 2.97965e-20 0.000208274
5.88 0.00768177 0.992115 2.88369e-20 8.14e-18 2.88369e-20 0.000203499
6 0.00971127 0.990014 3.64315e-20 8.02384e-18 3.64315e-20 0.000275462
6.12 0.0145817 0.984955 5.46521e-20 7.80183e-18 5.46521e-20 0.000463207
6.24 0.0238109 0.975306 8.91366e-20 7.49424e-18 8.91366e-20 0.000883467
6.36 0.0407731 0.957382 1.5242e-19 7.11133e-18 1.5242e-19 0.00184543
6.48 0.0727466 0.92309 2.71541e-19 6.62986e-18 2.71541e-19 0.00416396
6.6 0.134306 0.855809 5.00626e-19 5.9624e-18 5.00626e-19 0.00988558
6.72 0.247005 0.729732 9.19674e-19 4.95531e-18 9.19674e-19 0.0232624
6.84 0.415365 0.535293 1.54523e-18 3.56072e-18 1.54523e-18 0.0493426
6.96 0.585504 0.32746 2.17686e-18 2.14368e-18 2.17686e-18 0.0870362
7.08 0.692266 0.178455 2.57257e-18 1.15516e-18 2.57257e-18 0.129278
7.2 0.731052 0.095361 2.71562e-18 6.1352e-19 2.71562e-18 0.173587
7.32 0.725301 0.0526582 2.69329e-18 3.38278e-19 2.69329e-18 0.222041
7.44 0.692942 0.0303194 2.57226e-18 1.94993e-19 2.57226e-18 0.276739
7.56 0.64374 0.0180135 2.38885e-18 1.16004e-19 2.38885e-18 0.338246
7.68 0.583492 0.0108985 2.16459e-18 7.01444e-20 2.16459e-18 0.40561
7.8 0.516624 0.00664989 1.91592e-18 4.26183e-20 1.91592e-18 0.476726
7.92 0.447107 0.00407109 1.65759e-18 2.58323e-20 1.65759e-18 0.548822
8.04 0.378521 0.00249827 1.40286e-18 1.55586e-20 1.40286e-18 0.618981
8.16 0.313828 0.0015414 1.16269e-18 9.29443e-21 1.16269e-18 0.684631
8.28 0.255165 0.000963135 9.45008e-19 5.50427e-21 9.45008e-19 0.743871
8.4 0.203775 0.000616716 7.54376e-19 3.23249e-21 7.54376e-19 0.795608
8.52 0.160085 0.000411172 5.92363e-19 1.88394e-21 5.92363e-19 0.839504
8.64 0.123892 0.000290395 4.58194e-19 1.09073e-21 4.58194e-19 0.875818
8.76 0.0945728 0.000220105 3.49543e-19 6.27977e-22 3.49543e-19 0.905207
8.88 0.0712802 0.000179583 2.63251e-19 3.59911e-22 2.63251e-19 0.92854
9 0.0530896 0.000156446 1.95882e-19 2.05537e-22 1.95882e-19 0.946754
9.12 0.0390995 0.000143368 1.44086e-19 1.17063e-22 1.44086e-19 0.960757
9.24 0.0284899 0.000136059 1.04819e-19 6.65516e-23 1.04819e-19 0.971374
9.36 0.0205483 0.000132027 7.54376e-20 3.77991e-23 7.54376e-20 0.97932
9.48 0.0146769 0.000129839 5.37234e-20 2.14695e-23 5.37234e-20 0.985193
9.6 0.0103875 0.000128675 3.7866e-20 1.22107e-23 3.7866e-20 0.989484
9.72 0.00728972 0.000128073 2.6419e-20 6.96713e-24 2.6419e-20 0.992582
9.84 0.0050776 0.000127773 1.82485e-20 3.99992e-24 1.82485e-20 0.994795
9.96 0.00351525 0.000127632 1.24809e-20 2.32166e-24 1.24809e-20 0.996357
10.08 0.00242369 0.000127573 8.45354e-21 1.37267e-24 8.45354e-21 0.997449
10.2 0.00166912 0.000127553 5.67116e-21 8.36114e-25 5.67116e-21 0.998203
10.32 0.00115291 0.000127551 3.76895e-21 5.32747e-25 3.76895e-21 0.99872
10.44 0.000803355 0.000127556 2.48177e-21 3.61216e-25 2.48177e-21 0.999069
10.56 0.000569008 0.000127563 1.61951e-21 2.64225e-25 1.61951e-21 0.999303
10.68 0.000413429 0.000127569 1.04757e-21 2.09384e-25 1.04757e-21 0.999459
10.8 0.000311126 0.000127574 6.71835e-22 1.7838e-25 6.71835e-22 0.999561
10.92 0.000244483 0.000127578 4.27329e-22 1.6086e-25 4.27329e-22 0.999628
11.04 0.000201471 0.000127581 2.69701e-22 1.50966e-25 2.69701e-22 0.999671
11.16 0.000173969 0.000127583 1.69041e-22 1.45386e-25 1.69041e-22 0.999698
11.28 0.000156562 0.000127584 1.05416e-22 1.42247e-25 1.05416e-22 0.999716
11.4 0.000145684 0.000127585 6.57122e-23 1.40488e-25 6.57122e-23 0.999727
11.52 0.000139024 0.000127586 4.14378e-23 1.39513e-25 4.14378e-23 0.999733
11.64 0.000135119 0.000127586 2.72247e-23 1.38989e-25 2.72247e-23 0.999737
11.76 0.000133088 0.000127587 1.98385e-23 1.38733e-25 1.98385e-23 0.999739
11.88 0.00013246 0.000127587 1.75587e-23 1.38657e-25 1.75587e-23 0.99974
