0 0.000140444 0.000127586 4.67341e-23 1.39463e-25 4.67341e-23 0.999732
0.12 0.00014203 0.000127586 5.25471e-23 1.3969e-25 5.25471e-23 0.99973
0.24 0.000147129 0.000127585 7.12474e-23 1.40447e-25 7.12474e-23 0.999725
0.36 0.000156835 0.000127584 1.06867e-22 1.4199e-25 1.06867e-22 0.999716
0.48 0.000173184 0.000127583 1.66924e-22 1.44841e-25 1.66924e-22 0.999699
0.6 0.000199506 0.000127581 2.63722e-22 1.4996e-25 2.63722e-22 0.999673
0.72 0.000240974 0.000127578 4.16387e-22 1.59059e-25 4.16387e-22 0.999631
0.84 0.000305421 0.000127574 6.53891e-22 1.75178e-25 6.53891e-22 0.999567
0.96 0.000404499 0.000127568 1.01937e-21 2.03686e-25 1.01937e-21 0.999468
1.08 0.000555313 0.000127562 1.57618e-21 2.54072e-25 1.57618e-21 0.999317
1.2 0.000782645 0.000127554 2.41618e-21 3.43095e-25 2.41618e-21 0.99909
1.32 0.00112196 0.000127546 3.67088e-21 5.00363e-25 3.67088e-21 0.998751
1.44 0.0016234 0.000127544 5.52627e-21 7.78178e-25 5.52627e-21 0.998249
1.56 0.00235689 0.000127555 8.24193e-21 1.26894e-24 8.24193e-21 0.997516
1.68 0.00341873 0.000127599 1.21754e-20 2.13581e-24 1.21754e-20 0.996454
1.8 0.00493972 0.000127712 1.78127e-20 3.66685e-24 1.78127e-20 0.994933
1.92 0.007095 0.000127962 2.58045e-20 6.37011e-24 2.58045e-20 0.992777
2.04 0.0101157 0.000128475 3.70102e-20 1.11407e-23 3.70102e-20 0.989756
2.16 0.0143021 0.00012948 5.25462e-20 1.95528e-23 5.25462e-20 0.985568
2.28 0.0200377 0.000131387 7.38392e-20 3.43685e-23 7.38392e-20 0.979831
2.4 0.0278032 0.000134923 1.02678e-19 6.04192e-23 1.02678e-19 0.972062
2.52 0.0381885 0.00014136 1.41258e-19 1.06122e-22 1.41258e-19 0.96167
2.64 0.0518983 0.000152913 1.92204e-19 1.86063e-22 1.92204e-19 0.947949
2.76 0.069747 0.000173394 2.58549e-19 3.25362e-22 2.58549e-19 0.930079
2.88 0.0926341 0.000209308 3.43647e-19 5.66933e-22 3.43647e-19 0.907156
3 0.121489 0.000271651 4.50964e-19 9.83403e-22 4.50964e-19 0.878239
3.12 0.157177 0.000378797 5.8373e-19 1.69634e-21 5.8373e-19 0.842444
3.24 0.200352 0.000561118 7.44392e-19 2.90678e-21 7.44392e-19 0.799087
3.36 0.251265 0.00086823 9.3391e-19 4.94291e-21 9.3391e-19 0.747867
3.48 0.309556 0.00138037 1.15096e-18 8.3341e-21 1.15096e-18 0.689064
3.6 0.374064 0.00222641 1.39124e-18 1.39267e-20 1.39124e-18 0.62371
3.72 0.442735 0.00361342 1.64713e-18 2.30713e-20 1.64713e-18 0.553651
3.84 0.512692 0.00587823 1.90792e-18 3.79464e-20 1.90792e-18 0.48143
3.96 0.580441 0.00958548 2.16064e-18 6.21733e-20 2.16064e-18 0.409974
4.08 0.642142 0.0157326 2.39097e-18 1.02116e-19 2.39097e-18 0.342126
4.2 0.693658 0.0262137 2.5835e-18 1.69875e-19 2.5835e-18 0.280128
4.32 0.729932 0.0449065 2.71938e-18 2.90464e-19 2.71938e-18 0.225161
4.44 0.742904 0.0800998 2.76853e-18 5.1823e-19 2.76853e-18 0.176997
4.56 0.717475 0.148651 2.67463e-18 9.66219e-19 2.67463e-18 0.133874
4.68 0.630219 0.27642 2.35023e-18 1.81471e-18 2.35023e-18 0.0933612
4.8 0.472031 0.472032 1.76113e-18 3.14535e-18 1.76113e-18 0.0559367
4.92 0.293159 0.679157 1.09444e-18 4.61415e-18 1.09444e-18 0.0276842
5.04 0.16153 0.826468 6.03533e-19 5.75233e-18 6.03533e-19 0.0120022
5.16 0.0867996 0.908168 3.2465e-19 6.5067e-18 3.2465e-19 0.00503283
5.28 0.0479122 0.949896 1.79403e-19 7.03072e-18 1.79403e-19 0.00219179
5.4 0.0275285 0.971445 1.03186e-19 7.43486e-18 1.03186e-19 0.00102623
5.52 0.0165363 0.982939 6.20356e-20 7.75749e-18 6.20356e-20 0.000524825
5.64 0.0106662 0.989032 4.00363e-20 7.99517e-18 4.00363e-20 0.000301686
5.76 0.00797162 0.991817 2.99293e-20 8.12931e-18 2.99293e-20 0.000211077
5.88 0.00765374 0.992144 2.87342e-20 8.14449e-18 2.87342e-20 0.000201579
6 0.0096175 0.990114 3.60941e-20 8.03881e-18 3.60941e-20 0.000268015
6.12 0.0144217 0.985131 5.40896e-20 7.82518e-18 5.40896e-20 0.000446763
6.24 0.0235828 0.975568 8.83671e-20 7.52326e-18 8.83671e-20 0.000849
6.36 0.0404707 0.957759 1.51473e-19 7.14347e-18 1.51473e-19 0.00176997
6.48 0.0723563 0.923656 2.70473e-19 6.66321e-18 2.70473e-19 0.0039881
6.6 0.133824 0.856716 4.99646e-19 5.99573e-18 4.99646e-19 0.00945998
6.72 0.246569 0.731169 9.19683e-19 4.98745e-18 9.19683e-19 0.0222624
6.84 0.415586 0.537136 1.54896e-18 3.58871e-18 1.54896e-18 0.0472787
6.96 0.587353 0.329088 2.18797e-18 2.16348e-18 2.18797e-18 0.0835585
7.08 0.696106 0.179534 2.59199e-18 1.16688e-18 2.59199e-18 0.12436
7.2 0.736663 0.0960204 2.74202e-18 6.20233e-19 2.74202e-18 0.167316
7.32 0.732419 0.0530807 2.72533e-18 3.42379e-19 2.72533e-18 0.214501
7.44 0.701348 0.0306093 2.60892e-18 1.97704e-19 2.60892e-18 0.268043
7.56 0.653188 0.0182206 2.42905e-18 1.17884e-19 2.42905e-18 0.328591
7.68 0.593654 0.0110475 2.20702e-18 7.14683e-20 2.20702e-18 0.395298
7.8 0.527101 0.00675588 1.95902e-18 4.35446e-20 1.95902e-18 0.466144
7.92 0.457468 0.00414485 1.69973e-18 2.64694e-20 1.69973e-18 0.538388
8.04 0.388365 0.0025483 1.44254e-18 1.59874e-20 1.44254e-18 0.609087
8.16 0.322838 0.00157443 1.19876e-18 9.57641e-21 1.19876e-18 0.675588
8.28 0.263136 0.000984378 9.76738e-19 5.68567e-21 9.76738e-19 0.73588
8.4 0.210615 0.000630047 7.81488e-19 3.34686e-21 7.81488e-19 0.788755
8.52 0.165801 0.000419345 6.14941e-19 1.95477e-21 6.14941e-19 0.83378
8.64 0.128559 0.000295298 4.76577e-19 1.13393e-21 4.76577e-19 0.871145
8.76 0.0983083 0.000222984 3.64219e-19 6.53987e-22 3.64219e-19 0.901469
8.88 0.0742175 0.000181237 2.74767e-19 3.75406e-22 2.74767e-19 0.925601
9 0.0553632 0.000157373 2.04779e-19 2.14688e-22 2.04779e-19 0.944479
9.12 0.0408346 0.000143874 1.50865e-19 1.2243e-22 1.50865e-19 0.959021
9.24 0.0297966 0.000136325 1.09917e-19 6.96817e-23 1.09917e-19 0.970067
9.36 0.0215203 0.00013216 7.92236e-20 3.96165e-23 7.92236e-20 0.978348
9.48 0.0153914 0.0001299 5.65024e-20 2.2521e-23 5.65024e-20 0.984479
9.6 0.0109066 0.000128699 3.98828e-20 1.28174e-23 3.98828e-20 0.988965
9.72 0.00766272 0.000128079 2.78663e-20 7.31651e-24 2.78663e-20 0.992209
9.84 0.00534268 0.000127771 1.92759e-20 4.20074e-24 1.92759e-20 0.99453
9.96 0.00370163 0.000127627 1.32024e-20 2.43693e-24 1.32024e-20 0.996171
10.08 0.00255336 0.000127568 8.95493e-21 1.43876e-24 8.95493e-21 0.997319
10.2 0.0017584 0.000127548 6.016e-21 8.73965e-25 6.016e-21 0.998114
10.32 0.00121376 0.000127547 4.00373e-21 5.54402e-25 4.00373e-21 0.998659
10.44 0.000844421 0.000127553 2.64005e-21 3.7359e-25 2.64005e-21 0.999028
10.56 0.000596455 0.000127561 1.72518e-21 2.71286e-25 1.72518e-21 0.999276
10.68 0.0004316 0.000127568 1.11745e-21 2.13405e-25 1.11745e-21 0.999441
10.8 0.000323047 0.000127573 7.17623e-22 1.80665e-25 7.17623e-22 0.999549
10.92 0.000252235 0.000127578 4.57067e-22 1.62154e-25 4.57067e-22 0.99962
11.04 0.00020647 0.000127581 2.88853e-22 1.51696e-25 2.88853e-22 0.999666
11.16 0.000177168 0.000127583 1.81281e-22 1.45795e-25 1.81281e-22 0.999695
11.28 0.000158598 0.000127584 1.13193e-22 1.42474e-25 1.13193e-22 0.999714
11.4 0.000146978 0.000127585 7.06459e-23 1.40613e-25 7.06459e-23 0.999725
11.52 0.000139854 0.000127586 4.45977e-23 1.39581e-25 4.45977e-23 0.999733
11.64 0.000135672 0.000127586 2.93254e-23 1.39025e-25 2.93254e-23 0.999737
11.76 0.000133493 0.000127586 2.13779e-23 1.38754e-25 2.13779e-23 0.999739
11.88 0.000132819 0.000127587 1.89208e-23 1.38673e-25 1.89208e-23 0.99974
