0 0.000152453 0.000127584 9.27332e-23 1.40308e-25 9.27332e-23 0.99972
0.12 0.000155523 0.000127584 1.04251e-22 1.4072e-25 1.04251e-22 0.999717
0.24 0.000165153 0.000127583 1.40381e-22 1.42066e-25 1.40381e-22 0.999707
0.36 0.000183123 0.000127582 2.07844e-22 1.44772e-25 2.07844e-22 0.999689
0.48 0.000212837 0.000127579 3.19455e-22 1.49706e-25 3.19455e-22 0.99966
0.6 0.000259818 0.000127575 4.96045e-22 1.58458e-25 4.96045e-22 0.999613
0.72 0.000332531 0.000127569 7.69531e-22 1.73837e-25 7.69531e-22 0.99954
0.84 0.000443571 0.000127561 1.18742e-21 2.00768e-25 1.18742e-21 0.999429
0.96 0.000611347 0.000127551 1.81919e-21 2.47857e-25 1.81919e-21 0.999261
1.08 0.000862385 0.000127536 2.76494e-21 3.30137e-25 2.76494e-21 0.99901
1.2 0.00123442 0.00012752 4.16717e-21 4.73859e-25 4.16717e-21 0.998638
1.32 0.00178048 0.000127502 6.2261e-21 7.24874e-25 6.2261e-21 0.998092
1.44 0.0025741 0.000127488 9.21955e-21 1.16325e-24 9.21955e-21 0.997299
1.56 0.00371602 0.00012749 1.35281e-20 1.92879e-24 1.35281e-20 0.996157
1.68 0.00534236 0.000127534 1.9666e-20 3.26548e-24 1.9666e-20 0.99453
1.8 0.00763454 0.000127666 2.83192e-20 5.59877e-24 2.83192e-20 0.992238
1.92 0.0108309 0.000127979 4.03884e-20 9.66969e-24 4.03884e-20 0.989041
2.04 0.0152399 0.00012864 5.70395e-20 1.67666e-23 5.70395e-20 0.984632
2.16 0.0212538 0.00012995 7.97564e-20 2.91239e-23 7.97564e-20 0.978616
2.28 0.0293631 0.000132444 1.10393e-19 5.06046e-23 1.10393e-19 0.970504
2.4 0.0401672 0.00013706 1.51217e-19 8.78583e-23 1.51217e-19 0.959696
2.52 0.0543806 0.00014542 2.04931e-19 1.52271e-22 2.04931e-19 0.945474
2.64 0.0728265 0.000160302 2.74648e-19 2.63204e-22 2.74648e-19 0.927013
2.76 0.0964112 0.000186411 3.638e-19 4.53314e-22 3.638e-19 0.903402
2.88 0.126068 0.000231625 4.75917e-19 7.77126e-22 4.75917e-19 0.8737
3 0.162659 0.00030897 6.14265e-19 1.32462e-21 6.14265e-19 0.837032
3.12 0.206829 0.000439711 7.81286e-19 2.24234e-21 7.81286e-19 0.792731
3.24 0.258812 0.000658092 9.77877e-19 3.76552e-21 9.77877e-19 0.740529
3.36 0.318224 0.00101856 1.20259e-18 6.26653e-21 1.20259e-18 0.680757
3.48 0.383884 0.00160682 1.45096e-18 1.03277e-20 1.45096e-18 0.614509
3.6 0.453741 0.00255707 1.71524e-18 1.68532e-20 1.71524e-18 0.543701
3.72 0.524974 0.00408046 1.98477e-18 2.72506e-20 1.98477e-18 0.470946
3.84 0.594251 0.00651539 2.24695e-18 4.37506e-20 2.24695e-18 0.399233
3.96 0.658098 0.0104253 2.48863e-18 7.00312e-20 2.48863e-18 0.331477
4.08 0.713158 0.0168063 2.69711e-18 1.1257e-19 2.69711e-18 0.270035
4.2 0.756096 0.0275626 2.85975e-18 1.83811e-19 2.85975e-18 0.216342
4.32 0.782675 0.0466257 2.96054e-18 3.09814e-19 2.96054e-18 0.170699
4.44 0.785334 0.0824515 2.97083e-18 5.47807e-19 2.97083e-18 0.132215
4.56 0.748871 0.152251 2.83311e-18 1.01734e-18 2.83311e-18 0.0988787
4.68 0.649516 0.282147 2.45741e-18 1.90786e-18 2.45741e-18 0.0683371
4.8 0.47969 0.479691 1.815e-18 3.29883e-18 1.815e-18 0.0406191
4.92 0.293457 0.686552 1.1104e-18 4.82106e-18 1.1104e-18 0.0199908
5.04 0.159313 0.832027 6.02815e-19 5.98949e-18 6.02815e-19 0.0086599
5.16 0.0842733 0.91208 3.18839e-19 6.75552e-18 3.18839e-19 0.00364635
5.28 0.0457056 0.952694 1.7287e-19 7.27522e-18 1.7287e-19 0.0016007
5.4 0.0257957 0.973445 9.75104e-20 7.65675e-18 9.75104e-20 0.000759343
5.52 0.0153175 0.984283 5.78495e-20 7.93557e-18 5.78495e-20 0.000399409
5.64 0.00997306 0.989781 3.76139e-20 8.1087e-18 3.76139e-20 0.000246172
5.76 0.00780846 0.991993 2.93933e-20 8.16368e-18 2.93933e-20 0.00019809
5.88 0.00802874 0.991746 3.01508e-20 8.09613e-18 3.01508e-20 0.000224718
6 0.0105565 0.989107 3.95423e-20 7.91624e-18 3.95423e-20 0.000336811
6.12 0.015994 0.983412 5.97483e-20 7.64532e-18 5.97483e-20 0.000594211
6.24 0.0259559 0.972884 9.66837e-20 7.30515e-18 9.66837e-20 0.00115998
6.36 0.0440343 0.953504 1.63531e-19 6.90228e-18 1.63531e-19 0.00246206
6.48 0.0779526 0.916422 2.88643e-19 6.40584e-18 2.88643e-19 0.00562596
6.6 0.142851 0.843709 5.27593e-19 5.71879e-18 5.27593e-19 0.0134411
6.72 0.259391 0.709148 9.56117e-19 4.68643e-18 9.56117e-19 0.0314622
6.84 0.42602 0.508547 1.56811e-18 3.2944e-18 1.56811e-18 0.0654328
6.96 0.583137 0.304492 2.1443e-18 1.94298e-18 2.1443e-18 0.112371
7.08 0.672777 0.164031 2.47203e-18 1.03585e-18 2.47203e-18 0.163192
7.2 0.697441 0.087239 2.56104e-18 5.47776e-19 2.56104e-18 0.21532
7.32 0.681029 0.0479821 2.49937e-18 3.00682e-19 2.49937e-18 0.270989
7.44 0.640547 0.0274526 2.34959e-18 1.71975e-19 2.34959e-18 0.332
7.56 0.585496 0.016164 2.14661e-18 1.01162e-19 2.14661e-18 0.39834
7.68 0.52186 0.00967487 1.9124e-18 6.03369e-20 1.9124e-18 0.468465
7.8 0.454259 0.00583702 1.66391e-18 3.61142e-20 1.66391e-18 0.539904
7.92 0.386602 0.00353586 1.41543e-18 2.15568e-20 1.41543e-18 0.609863
8.04 0.322085 0.00215138 1.17867e-18 1.279e-20 1.17867e-18 0.675763
8.16 0.263058 0.00132076 9.62184e-19 7.53255e-21 9.62184e-19 0.735621
8.28 0.210954 0.000825525 7.71199e-19 4.40254e-21 7.71199e-19 0.788221
8.4 0.166364 0.000532532 6.07845e-19 2.55477e-21 6.07845e-19 0.833103
8.52 0.129214 0.000360618 4.71807e-19 1.47311e-21 4.71807e-19 0.870426
8.64 0.0989668 0.000260574 3.611e-19 8.44828e-22 3.611e-19 0.900773
8.76 0.0748284 0.000202822 2.7279e-19 4.82358e-22 2.7279e-19 0.924969
8.88 0.0559002 0.000169749 2.03573e-19 2.74437e-22 2.03573e-19 0.94393
9 0.0412886 0.000150961 1.50165e-19 1.55728e-22 1.50165e-19 0.95856
9.12 0.0301689 0.000140381 1.0954e-19 8.82056e-23 1.0954e-19 0.969691
9.24 0.0218179 0.00013448 7.90455e-20 4.99097e-23 7.90455e-20 0.978048
9.36 0.0156243 0.000131226 5.64404e-20 2.82369e-23 5.64404e-20 0.984244
9.48 0.0110854 0.000129456 3.98837e-20 1.59908e-23 3.98837e-20 0.988785
9.6 0.00779759 0.000128511 2.78974e-20 9.07855e-24 2.78974e-20 0.992074
9.72 0.00544275 0.000128017 1.93179e-20 5.17963e-24 1.93179e-20 0.994429
9.84 0.00377473 0.000127768 1.32448e-20 2.98116e-24 1.32448e-20 0.996098
9.96 0.00260597 0.000127648 8.99253e-21 1.74165e-24 8.99253e-21 0.997266
10.08 0.00179573 0.000127594 6.04691e-21 1.04277e-24 6.04691e-21 0.998077
10.2 0.00123988 0.000127573 4.02784e-21 6.48623e-25 4.02784e-21 0.998633
10.32 0.000862449 0.000127568 2.6581e-21 4.26283e-25 2.6581e-21 0.99901
10.44 0.000608733 0.000127569 1.73825e-21 3.00821e-25 1.73825e-21 0.999264
10.56 0.000439854 0.000127572 1.12663e-21 2.30005e-25 1.12663e-21 0.999433
10.68 0.00032852 0.000127576 7.23901e-22 1.90026e-25 7.23901e-22 0.999544
10.8 0.000255812 0.000127579 4.61225e-22 1.67453e-25 4.61225e-22 0.999617
10.92 0.000208763 0.000127581 2.9149e-22 1.54709e-25 2.9149e-22 0.999664
11.04 0.000178594 0.000127583 1.82818e-22 1.47518e-25 1.82818e-22 0.999694
11.16 0.000159427 0.000127584 1.13888e-22 1.43465e-25 1.13888e-22 0.999713
11.28 0.000147369 0.000127585 7.06059e-23 1.41184e-25 7.06059e-23 0.999725
11.4 0.00013988 0.000127586 4.37701e-23 1.39907e-25 4.37701e-23 0.999733
11.52 0.000135321 0.000127586 2.74655e-23 1.39198e-25 2.74655e-23 0.999737
11.64 0.000132663 0.000127587 1.79769e-23 1.38817e-25 1.79769e-23 0.99974
11.76 0.000131288 0.000127587 1.30753e-23 1.38632e-25 1.30753e-23 0.999741
11.88 0.000130866 0.000127587 1.15729e-23 1.38577e-25 1.15729e-23 0.999742
