0 0.00014198 0.000127586 5.25999e-23 1.39568e-25 5.25999e-23 0.99973
0.12 0.000143756 0.000127585 5.91418e-23 1.39818e-25 5.91418e-23 0.999729
0.24 0.00014945 0.000127585 8.01202e-23 1.40651e-25 8.01202e-23 0.999723
0.36 0.000160258 0.000127584 1.19975e-22 1.42346e-25 1.19975e-22 0.999712
0.48 0.000178419 0.000127583 1.87003e-22 1.45475e-25 1.87003e-22 0.999694
0.6 0.000207588 0.00012758 2.94762e-22 1.51085e-25 2.94762e-22 0.999665
0.72 0.000253428 0.000127577 4.64283e-22 1.61046e-25 4.64283e-22 0.999619
0.84 0.000324495 0.000127572 7.27339e-22 1.78671e-25 7.27339e-22 0.999548
0.96 0.000433481 0.000127566 1.1311e-21 2.09805e-25 1.1311e-21 0.999439
1.08 0.000598963 0.000127558 1.74466e-21 2.64762e-25 1.74466e-21 0.999273
1.2 0.000847781 0.000127549 2.66787e-21 3.61734e-25 2.66787e-21 0.999025
1.32 0.00121824 0.00012754 4.0433e-21 5.32809e-25 4.0433e-21 0.998654
1.44 0.0017643 0.000127536 6.07193e-21 8.34586e-25 6.07193e-21 0.998108
1.56 0.00256103 0.000127546 9.03342e-21 1.36689e-24 9.03342e-21 0.997311
1.68 0.00371148 0.000127589 1.33118e-20 2.30572e-24 1.33118e-20 0.996161
1.8 0.00535516 0.000127705 1.94272e-20 3.96121e-24 1.94272e-20 0.994517
1.92 0.00767829 0.000127965 2.80741e-20 6.87937e-24 2.80741e-20 0.992194
2.04 0.0109258 0.000128501 4.01661e-20 1.20202e-23 4.01661e-20 0.988946
2.16 0.0154147 0.000129555 5.68862e-20 2.10685e-23 5.68862e-20 0.984456
2.28 0.0215483 0.000131559 7.97402e-20 3.69733e-23 7.97402e-20 0.97832
2.4 0.0298304 0.000135274 1.10608e-19 6.48802e-23 1.10608e-19 0.970035
2.52 0.0408753 0.000142037 1.51786e-19 1.13727e-22 1.51786e-19 0.958983
2.64 0.0554133 0.000154161 2.06e-19 1.98957e-22 2.06e-19 0.944433
2.76 0.0742812 0.000175624 2.76379e-19 3.47066e-22 2.76379e-19 0.925543
2.88 0.098393 0.00021319 3.6634e-19 6.03146e-22 3.6634e-19 0.901394
3 0.128677 0.000278247 4.79359e-19 1.04317e-21 4.79359e-19 0.871044
3.12 0.165973 0.000389754 6.18575e-19 1.7937e-21 6.18575e-19 0.833638
3.24 0.21087 0.000578897 7.86211e-19 3.06288e-21 7.86211e-19 0.788551
3.36 0.263518 0.000896372 9.82835e-19 5.18858e-21 9.82835e-19 0.735586
3.48 0.323406 0.00142374 1.20656e-18 8.71259e-21 1.20656e-18 0.67517
3.6 0.3892 0.00229136 1.45243e-18 1.44961e-20 1.45243e-18 0.608508
3.72 0.458675 0.00370775 1.71214e-18 2.39065e-20 1.71214e-18 0.537617
3.84 0.528826 0.00601097 1.97448e-18 3.91402e-20 1.97448e-18 0.465163
3.96 0.596114 0.00976663 2.22624e-18 6.38404e-20 2.22624e-18 0.39412
4.08 0.656748 0.0159735 2.45327e-18 1.04407e-19 2.45327e-18 0.327279
4.2 0.706719 0.0265297 2.64056e-18 1.73029e-19 2.64056e-18 0.266751
4.32 0.741121 0.0453266 2.76976e-18 2.94948e-19 2.76976e-18 0.213553
4.44 0.751997 0.0806893 2.81111e-18 5.2511e-19 2.81111e-18 0.167314
4.56 0.724244 0.149544 2.7081e-18 9.77832e-19 2.7081e-18 0.126212
4.68 0.634402 0.277778 2.37289e-18 1.83503e-18 2.37289e-18 0.0878208
4.8 0.473744 0.473743 1.77263e-18 3.17745e-18 1.77263e-18 0.0525129
4.92 0.293335 0.68071 1.09812e-18 4.65606e-18 1.09812e-18 0.0259546
5.04 0.161173 0.827576 6.03752e-19 5.7996e-18 6.03752e-19 0.01125
5.16 0.0863543 0.908924 3.23732e-19 6.55612e-18 3.23732e-19 0.00472163
5.28 0.0475054 0.950435 1.78235e-19 7.07958e-18 1.78235e-19 0.00205964
5.4 0.0271958 0.971838 1.02105e-19 7.47992e-18 1.02105e-19 0.00096667
5.52 0.0162909 0.983213 6.11914e-20 7.79476e-18 6.11914e-20 0.000496621
5.64 0.0105147 0.989197 3.95005e-20 8.02041e-18 3.95005e-20 0.00028869
5.76 0.00791738 0.991876 2.97369e-20 8.13914e-18 2.97369e-20 0.000206992
5.88 0.00769849 0.992097 2.8899e-20 8.13752e-18 2.8899e-20 0.000204595
6 0.00976226 0.989959 3.66161e-20 8.01616e-18 3.66161e-20 0.000279392
6.12 0.0146683 0.98486 5.49588e-20 7.79001e-18 5.49588e-20 0.00047181
6.24 0.0239367 0.975162 8.95664e-20 7.47964e-18 8.95664e-20 0.000901518
6.36 0.040947 0.957168 1.52981e-19 7.09517e-18 1.52981e-19 0.00188509
6.48 0.072988 0.922755 2.72251e-19 6.61298e-18 2.72251e-19 0.00425674
6.6 0.134641 0.855249 5.01475e-19 5.94518e-18 5.01475e-19 0.0101104
6.72 0.247393 0.728819 9.20317e-19 4.9381e-18 9.20317e-19 0.023789
6.84 0.415476 0.534106 1.54423e-18 3.54511e-18 1.54423e-18 0.0504187
6.96 0.584761 0.326414 2.17203e-18 2.13236e-18 2.17203e-18 0.0888251
7.08 0.690446 0.177774 2.56331e-18 1.14842e-18 2.56331e-18 0.13178
7.2 0.72829 0.0949563 2.70267e-18 6.09707e-19 2.70267e-18 0.176754
7.32 0.721762 0.0524086 2.67744e-18 3.35996e-19 2.67744e-18 0.225829
7.44 0.688757 0.0301545 2.55411e-18 1.93519e-19 2.55411e-18 0.281088
7.56 0.639046 0.0178995 2.36897e-18 1.15003e-19 2.36897e-18 0.343054
7.68 0.578459 0.0108184 2.14366e-18 6.94518e-20 2.14366e-18 0.410722
7.8 0.511456 0.00659398 1.89475e-18 4.21405e-20 1.89475e-18 0.48195
7.92 0.442019 0.00403275 1.63697e-18 2.55075e-20 1.63697e-18 0.553949
8.04 0.373706 0.00247258 1.38351e-18 1.53422e-20 1.38351e-18 0.623821
8.16 0.309438 0.0015246 1.14517e-18 9.15323e-21 1.14517e-18 0.689037
8.28 0.251296 0.000952413 9.29645e-19 5.41407e-21 9.29645e-19 0.747751
8.4 0.200465 0.000610032 7.4129e-19 3.17597e-21 7.4129e-19 0.798925
8.52 0.157327 0.000407096 5.81498e-19 1.84913e-21 5.81498e-19 0.842265
8.64 0.121646 0.000287961 4.49371e-19 1.0696e-21 4.49371e-19 0.878066
8.76 0.0927801 0.00021868 3.42516e-19 6.15305e-22 3.42516e-19 0.907001
8.88 0.0698739 0.000178767 2.57749e-19 3.5239e-22 2.57749e-19 0.929947
9 0.0520033 0.000155989 1.9164e-19 2.0111e-22 1.9164e-19 0.947841
9.12 0.0382723 0.000143119 1.40861e-19 1.14475e-22 1.40861e-19 0.961585
9.24 0.0278681 0.000135928 1.02399e-19 6.50466e-23 1.02399e-19 0.971996
9.36 0.0200867 0.000131962 7.36433e-20 3.69277e-23 7.36433e-20 0.979781
9.48 0.0143383 0.000129808 5.24088e-20 2.09666e-23 5.24088e-20 0.985532
9.6 0.0101419 0.000128663 3.69138e-20 1.19212e-23 3.69138e-20 0.989729
9.72 0.00711362 0.000128069 2.5737e-20 6.80086e-24 2.5737e-20 0.992758
9.84 0.00495269 0.000127774 1.77653e-20 3.90457e-24 1.77653e-20 0.99492
9.96 0.0034276 0.000127634 1.21422e-20 2.26704e-24 1.21422e-20 0.996445
10.08 0.00236283 0.000127575 8.21862e-21 1.34143e-24 8.21862e-21 0.99751
10.2 0.00162729 0.000127555 5.50989e-21 8.18259e-25 5.50989e-21 0.998245
10.32 0.00112446 0.000127553 3.65936e-21 5.22553e-25 3.65936e-21 0.998748
10.44 0.000784189 0.000127557 2.40804e-21 3.55403e-25 2.40804e-21 0.999088
10.56 0.000556223 0.000127564 1.57038e-21 2.60915e-25 1.57038e-21 0.999316
10.68 0.00040498 0.00012757 1.01514e-21 2.07502e-25 1.01514e-21 0.999467
10.8 0.000305594 0.000127575 6.50624e-22 1.77313e-25 6.50624e-22 0.999567
10.92 0.000240893 0.000127579 4.13579e-22 1.60257e-25 4.13579e-22 0.999632
11.04 0.00019916 0.000127581 2.60863e-22 1.50627e-25 2.60863e-22 0.999673
11.16 0.000172493 0.000127583 1.63403e-22 1.45196e-25 1.63403e-22 0.9997
11.28 0.000155624 0.000127585 1.0184e-22 1.42141e-25 1.0184e-22 0.999717
11.4 0.000145089 0.000127585 6.34477e-23 1.4043e-25 6.34477e-23 0.999727
11.52 0.000138643 0.000127586 3.99898e-23 1.39482e-25 3.99898e-23 0.999734
11.64 0.000134866 0.000127586 2.62632e-23 1.38972e-25 2.62632e-23 0.999738
11.76 0.000132902 0.000127587 1.91343e-23 1.38723e-25 1.91343e-23 0.99974
11.88 0.000132296 0.000127587 1.69356e-23 1.38649e-25 1.69356e-23 0.99974
