0 0.000145964 0.000127585 6.78441e-23 1.39845e-25 6.78441e-23 0.999726
0.12 0.000148233 0.000127585 7.62784e-23 1.40157e-25 7.62784e-23 0.999724
0.24 0.000155446 0.000127584 1.03101e-22 1.41186e-25 1.03101e-22 0.999717
0.36 0.000169051 0.000127583 1.5372e-22 1.43272e-25 1.5372e-22 0.999703
0.48 0.000191768 0.000127581 2.38307e-22 1.47105e-25 2.38307e-22 0.999681
0.6 0.000228029 0.000127578 3.73436e-22 1.53953e-25 3.73436e-22 0.999644
0.72 0.000284671 0.000127574 5.84683e-22 1.66069e-25 5.84683e-22 0.999588
0.84 0.00037195 0.000127568 9.10449e-22 1.87428e-25 9.10449e-22 0.9995
0.96 0.000504992 0.00012756 1.40737e-21 2.25018e-25 1.40737e-21 0.999367
1.08 0.000705787 0.000127549 2.15784e-21 2.91124e-25 2.15784e-21 0.999167
1.2 0.00100589 0.000127537 3.28014e-21 4.07327e-25 3.28014e-21 0.998867
1.32 0.00145005 0.000127524 4.94201e-21 6.11545e-25 4.94201e-21 0.998422
1.44 0.00210086 0.000127516 7.37825e-21 9.70394e-25 7.37825e-21 0.997772
1.56 0.00304482 0.000127523 1.09134e-20 1.60088e-24 1.09134e-20 0.996828
1.68 0.00439982 0.000127566 1.59898e-20 2.70845e-24 1.59898e-20 0.995473
1.8 0.00632439 0.000127689 2.32025e-20 4.65352e-24 2.32025e-20 0.993548
1.92 0.00902862 0.000127971 3.33405e-20 8.06778e-24 3.33405e-20 0.990843
2.04 0.0127868 0.000128561 4.74335e-20 1.40566e-23 4.74335e-20 0.987085
2.16 0.0179511 0.000129727 6.68049e-20 2.455e-23 6.68049e-20 0.981919
2.28 0.0249662 0.000131947 9.3125e-20 4.29083e-23 9.3125e-20 0.974902
2.4 0.0343819 0.000136062 1.2846e-19 7.49597e-23 1.2846e-19 0.965482
2.52 0.0468621 0.00014354 1.75304e-19 1.30764e-22 1.75304e-19 0.952995
2.64 0.0631846 0.000156911 2.36583e-19 2.27579e-22 2.36583e-19 0.936659
2.76 0.0842254 0.000180492 3.15591e-19 3.94787e-22 3.15591e-19 0.915594
2.88 0.110917 0.000221579 4.15836e-19 6.81963e-22 4.15836e-19 0.888861
3 0.14417 0.000292353 5.40745e-19 1.17184e-21 5.40745e-19 0.855537
3.12 0.184747 0.000412912 6.93192e-19 2.00081e-21 6.93192e-19 0.81484
3.24 0.233088 0.000615993 8.74841e-19 3.39067e-21 8.74841e-19 0.766296
3.36 0.289103 0.000954263 1.08536e-18 5.6972e-21 1.08536e-18 0.709943
3.48 0.351966 0.00151156 1.32168e-18 9.48406e-21 1.32168e-18 0.646522
3.6 0.419993 0.00242058 1.57746e-18 1.56371e-20 1.57746e-18 0.577586
3.72 0.490643 0.00389177 1.84317e-18 2.55488e-20 1.84317e-18 0.505465
3.84 0.560711 0.00626427 2.10676e-18 4.14401e-20 2.10676e-18 0.433025
3.96 0.626636 0.0101038 2.35487e-18 6.69817e-20 2.35487e-18 0.36326
4.08 0.684795 0.0164093 2.57385e-18 1.08625e-19 2.57385e-18 0.298795
4.2 0.73148 0.0270839 2.74977e-18 1.78699e-19 2.74977e-18 0.241436
4.32 0.762103 0.046041 2.86535e-18 3.02869e-19 2.86535e-18 0.191856
4.44 0.768911 0.0816723 2.89142e-18 5.37212e-19 2.89142e-18 0.149417
4.56 0.736771 0.15104 2.77103e-18 9.98575e-19 2.77103e-18 0.112189
4.68 0.642106 0.280123 2.41543e-18 1.87235e-18 2.41543e-18 0.0777707
4.8 0.476826 0.476825 1.79407e-18 3.23822e-18 1.79407e-18 0.04635
4.92 0.293507 0.683637 1.10462e-18 4.7373e-18 1.10462e-18 0.0228562
5.04 0.160347 0.829749 6.03652e-19 5.89236e-18 6.03652e-19 0.00990387
5.16 0.0853929 0.910444 3.21575e-19 6.65341e-18 3.21575e-19 0.00416354
5.28 0.0466563 0.951522 1.75739e-19 7.1754e-18 1.75739e-19 0.00182191
5.4 0.0265221 0.972619 9.99038e-20 7.56731e-18 9.99038e-20 0.000859342
5.52 0.0158112 0.983743 5.95436e-20 7.8655e-18 5.95436e-20 0.000446059
5.64 0.0102358 0.989498 3.85232e-20 8.06628e-18 3.85232e-20 0.000266043
5.76 0.00784242 0.991957 2.94839e-20 8.15415e-18 2.94839e-20 0.000201159
5.88 0.00783077 0.991957 2.9397e-20 8.11992e-18 2.9397e-20 0.000212799
6 0.01011 0.989585 3.7889e-20 7.96903e-18 3.7889e-20 0.000305004
6.12 0.015253 0.98422 5.70561e-20 7.71992e-18 5.70561e-20 0.000526994
6.24 0.0248114 0.974171 9.26158e-20 7.39419e-18 9.26158e-20 0.00101763
6.36 0.0422363 0.955621 1.57302e-19 7.00066e-18 1.57302e-19 0.00214235
6.48 0.0749623 0.920174 2.78551e-19 6.51271e-18 2.78551e-19 0.00486328
6.6 0.137744 0.850672 5.108e-19 5.83879e-18 5.108e-19 0.0115839
6.72 0.251691 0.721097 9.3186e-19 4.82466e-18 9.3186e-19 0.0272121
6.84 0.418736 0.524005 1.54854e-18 3.4356e-18 1.54854e-18 0.057259
6.96 0.582534 0.317615 2.15251e-18 2.05041e-18 2.15251e-18 0.0998505
7.08 0.681019 0.172168 2.51482e-18 1.09954e-18 2.51482e-18 0.146814
7.2 0.712777 0.0917492 2.63071e-18 5.82519e-19 2.63071e-18 0.195474
7.32 0.701507 0.0505253 2.58789e-18 3.20227e-19 2.58789e-18 0.247968
7.44 0.664767 0.0289739 2.45129e-18 1.83699e-19 2.45129e-18 0.306259
7.56 0.612268 0.017121 2.25677e-18 1.08562e-19 2.25677e-18 0.370611
7.68 0.549969 0.0102932 2.02633e-18 6.51281e-20 2.02633e-18 0.439738
7.8 0.482456 0.00623925 1.77688e-18 3.92334e-20 1.77688e-18 0.511305
7.92 0.413716 0.00379588 1.52311e-18 2.35735e-20 1.52311e-18 0.582488
8.04 0.347159 0.00231724 1.27756e-18 1.40769e-20 1.27756e-18 0.650524
8.16 0.285434 0.00142483 1.04996e-18 8.34085e-21 1.04996e-18 0.713141
8.28 0.230296 0.000889677 8.46757e-19 4.90217e-21 8.46757e-19 0.768814
8.4 0.182624 0.000571395 6.71142e-19 2.85899e-21 6.71142e-19 0.816805
8.52 0.142552 0.000383766 5.23587e-19 1.65587e-21 5.23587e-19 0.857064
8.64 0.109679 0.000274139 4.02589e-19 9.53346e-22 4.02589e-19 0.890047
8.76 0.0832734 0.000210644 3.05435e-19 5.46162e-22 3.05435e-19 0.916516
8.88 0.0624496 0.000174183 2.28847e-19 3.11648e-22 2.28847e-19 0.937376
9 0.0462932 0.000153429 1.69448e-19 1.77287e-22 1.69448e-19 0.953553
9.12 0.0339415 0.000141725 1.24055e-19 1.0063e-22 1.24055e-19 0.965917
9.24 0.0246257 0.000135192 8.98347e-20 5.70396e-23 8.98347e-20 0.975239
9.36 0.0176889 0.00013159 6.43639e-20 3.2315e-23 6.43639e-20 0.98218
9.48 0.0125859 0.000129633 4.56354e-20 1.83174e-23 4.56354e-20 0.987285
9.6 0.00887574 0.000128589 3.20257e-20 1.04033e-23 3.20257e-20 0.990996
9.72 0.00620892 0.000128046 2.22484e-20 5.93275e-24 2.22484e-20 0.993663
9.84 0.0043133 0.000127773 1.53026e-20 3.40881e-24 1.53026e-20 0.995559
9.96 0.00298054 0.000127643 1.04221e-20 1.98426e-24 1.04221e-20 0.996892
10.08 0.00205352 0.000127586 7.02981e-21 1.18029e-24 7.02981e-21 0.997819
10.2 0.00141549 0.000127566 4.69669e-21 7.2652e-25 4.69669e-21 0.998457
10.32 0.000980878 0.000127561 3.10869e-21 4.70374e-25 3.10869e-21 0.998892
10.44 0.000687819 0.000127564 2.03883e-21 3.25756e-25 2.03883e-21 0.999185
10.56 0.000492161 0.000127568 1.32522e-21 2.44091e-25 1.32522e-21 0.99938
10.68 0.000362794 0.000127573 8.53871e-22 1.97971e-25 8.53871e-22 0.99951
10.8 0.000278066 0.000127577 5.45516e-22 1.71926e-25 5.45516e-22 0.999594
10.92 0.000223088 0.00012758 3.45677e-22 1.5722e-25 3.45677e-22 0.999649
11.04 0.000187739 0.000127582 2.17363e-22 1.48923e-25 2.17363e-22 0.999685
11.16 0.000165221 0.000127584 1.35746e-22 1.44246e-25 1.35746e-22 0.999707
11.28 0.000151021 0.000127585 8.43577e-23 1.41616e-25 8.43577e-23 0.999721
11.4 0.000142179 0.000127586 5.2412e-23 1.40143e-25 5.2412e-23 0.99973
11.52 0.000136784 0.000127586 3.29534e-23 1.39326e-25 3.29534e-23 0.999736
11.64 0.000133631 0.000127586 2.16015e-23 1.38887e-25 2.16015e-23 0.999739
11.76 0.000131997 0.000127587 1.57236e-23 1.38673e-25 1.57236e-23 0.99974
11.88 0.000131494 0.000127587 1.39171e-23 1.3861e-25 1.39171e-23 0.999741
