0 0.000140399 0.000127586 4.65646e-23 1.3946e-25 4.65646e-23 0.999732
0.12 0.00014198 0.000127586 5.23565e-23 1.39686e-25 5.23565e-23 0.99973
0.24 0.000147062 0.000127585 7.09907e-23 1.40441e-25 7.09907e-23 0.999725
0.36 0.000156736 0.000127584 1.06487e-22 1.4198e-25 1.06487e-22 0.999716
0.48 0.000173032 0.000127583 1.66341e-22 1.44823e-25 1.66341e-22 0.999699
0.6 0.00019927 0.000127581 2.62818e-22 1.49927e-25 2.62818e-22 0.999673
0.72 0.00024061 0.000127578 4.14989e-22 1.59001e-25 4.14989e-22 0.999632
0.84 0.000304862 0.000127574 6.51743e-22 1.75075e-25 6.51743e-22 0.999568
0.96 0.000403649 0.000127569 1.0161e-21 2.03507e-25 1.0161e-21 0.999469
1.08 0.000554028 0.000127562 1.57123e-21 2.53758e-25 1.57123e-21 0.999318
1.2 0.000780723 0.000127554 2.40876e-21 3.42547e-25 2.40876e-21 0.999092
1.32 0.00111912 0.000127546 3.65988e-21 4.99406e-25 3.65988e-21 0.998753
1.44 0.00161922 0.000127544 5.51011e-21 7.76511e-25 5.51011e-21 0.998253
1.56 0.00235082 0.000127556 8.21844e-21 1.26603e-24 8.21844e-21 0.997522
1.68 0.00341001 0.0001276 1.21416e-20 2.13076e-24 1.21416e-20 0.996462
1.8 0.00492731 0.000127712 1.77645e-20 3.65808e-24 1.77645e-20 0.994945
1.92 0.00707755 0.000127962 2.57367e-20 6.35491e-24 2.57367e-20 0.992794
2.04 0.0100914 0.000128474 3.69156e-20 1.11144e-23 3.69156e-20 0.98978
2.16 0.0142687 0.000129478 5.24158e-20 1.95073e-23 5.24158e-20 0.985602
2.28 0.0199922 0.000131382 7.36615e-20 3.42901e-23 7.36615e-20 0.979876
2.4 0.027742 0.000134912 1.02439e-19 6.02847e-23 1.02439e-19 0.972123
2.52 0.0381071 0.00014134 1.4094e-19 1.05892e-22 1.4094e-19 0.961751
2.64 0.0517915 0.000152875 1.91785e-19 1.85672e-22 1.91785e-19 0.948055
2.76 0.069609 0.000173326 2.58007e-19 3.24702e-22 2.58007e-19 0.930218
2.88 0.0924583 0.00020919 3.42955e-19 5.65828e-22 3.42955e-19 0.907332
3 0.121269 0.000271448 4.50096e-19 9.81573e-22 4.50096e-19 0.878459
3.12 0.156907 0.00037846 5.82661e-19 1.69335e-21 5.82661e-19 0.842714
3.24 0.200028 0.000560568 7.43105e-19 2.90197e-21 7.43105e-19 0.799412
3.36 0.250886 0.000867355 9.32398e-19 4.9353e-21 9.32398e-19 0.748247
3.48 0.309126 0.00137901 1.14923e-18 8.3223e-21 1.14923e-18 0.689495
3.6 0.373591 0.00222437 1.38933e-18 1.39089e-20 1.38933e-18 0.624185
3.72 0.442236 0.00361044 1.64509e-18 2.3045e-20 1.64509e-18 0.554154
3.84 0.512183 0.005874 1.90583e-18 3.79085e-20 1.90583e-18 0.481943
3.96 0.579945 0.00957967 2.15857e-18 6.212e-20 2.15857e-18 0.410476
4.08 0.641677 0.0157248 2.38899e-18 1.02042e-19 2.38899e-18 0.342599
4.2 0.693241 0.0262034 2.58168e-18 1.69773e-19 2.58168e-18 0.280556
4.32 0.729573 0.0448926 2.71777e-18 2.90317e-19 2.71777e-18 0.225534
4.44 0.742611 0.0800802 2.76716e-18 5.18005e-19 2.76716e-18 0.177309
4.56 0.717257 0.148621 2.67356e-18 9.65841e-19 2.67356e-18 0.134122
4.68 0.630083 0.276375 2.34951e-18 1.81405e-18 2.34951e-18 0.0935411
4.8 0.471975 0.471977 1.76076e-18 3.14433e-18 1.76076e-18 0.0560482
4.92 0.293152 0.679107 1.09432e-18 4.61281e-18 1.09432e-18 0.0277406
5.04 0.16154 0.826433 6.03523e-19 5.75084e-18 6.03523e-19 0.0120267
5.16 0.0868132 0.908144 3.24677e-19 6.50514e-18 3.24677e-19 0.00504299
5.28 0.0479247 0.949879 1.79439e-19 7.02917e-18 1.79439e-19 0.0021961
5.4 0.0275388 0.971433 1.0322e-19 7.43343e-18 1.0322e-19 0.00102817
5.52 0.016544 0.98293 6.20623e-20 7.7563e-18 6.20623e-20 0.000525745
5.64 0.0106711 0.989026 4.00537e-20 7.99435e-18 4.00537e-20 0.000302114
5.76 0.00797351 0.991815 2.99361e-20 8.12898e-18 2.99361e-20 0.000211218
5.88 0.00765258 0.992146 2.873e-20 8.14469e-18 2.873e-20 0.000201496
6 0.0096133 0.990119 3.60791e-20 8.03951e-18 3.60791e-20 0.000267673
6.12 0.0144146 0.985139 5.40645e-20 7.82629e-18 5.40645e-20 0.000446003
6.24 0.0235727 0.97558 8.83334e-20 7.52464e-18 8.83334e-20 0.000847407
6.36 0.0404578 0.957776 1.51433e-19 7.145e-18 1.51433e-19 0.0017665
6.48 0.0723408 0.923679 2.70434e-19 6.66478e-18 2.70434e-19 0.00398001
6.6 0.133808 0.856752 4.99624e-19 5.99729e-18 4.99624e-19 0.00944044
6.72 0.24656 0.731224 9.19727e-19 4.98891e-18 9.19727e-19 0.0222164
6.84 0.415612 0.537205 1.54919e-18 3.58994e-18 1.54919e-18 0.0471831
6.96 0.587454 0.32915 2.18856e-18 2.16433e-18 2.18856e-18 0.0833958
7.08 0.696296 0.179576 2.59295e-18 1.16738e-18 2.59295e-18 0.124128
7.2 0.736934 0.0960467 2.7433e-18 6.20521e-19 2.7433e-18 0.167019
7.32 0.73276 0.0530982 2.72687e-18 3.42559e-19 2.72687e-18 0.214142
7.44 0.701751 0.0306218 2.61068e-18 1.97825e-19 2.61068e-18 0.267628
7.56 0.653641 0.0182297 2.43098e-18 1.1797e-19 2.43098e-18 0.328129
7.68 0.594143 0.0110542 2.20906e-18 7.15293e-20 2.20906e-18 0.394803
7.8 0.527605 0.00676073 1.96111e-18 4.35877e-20 1.96111e-18 0.465634
7.92 0.457968 0.00414827 1.70177e-18 2.64993e-20 1.70177e-18 0.537883
8.04 0.388842 0.00255064 1.44446e-18 1.60077e-20 1.44446e-18 0.608608
8.16 0.323276 0.00157599 1.20052e-18 9.58984e-21 1.20052e-18 0.675148
8.28 0.263524 0.000985385 9.78287e-19 5.69436e-21 9.78287e-19 0.73549
8.4 0.210949 0.000630681 7.82815e-19 3.35236e-21 7.82815e-19 0.78842
8.52 0.166081 0.000419736 6.16048e-19 1.95819e-21 6.16048e-19 0.833499
8.64 0.128788 0.000295533 4.7748e-19 1.13602e-21 4.7748e-19 0.870916
8.76 0.0984919 0.000223122 3.64941e-19 6.55251e-22 3.64941e-19 0.901285
8.88 0.0743621 0.000181317 2.75335e-19 3.76161e-22 2.75335e-19 0.925457
9 0.0554753 0.000157418 2.05218e-19 2.15135e-22 2.05218e-19 0.944367
9.12 0.0409203 0.000143898 1.512e-19 1.22693e-22 1.512e-19 0.958936
9.24 0.0298612 0.000136338 1.10169e-19 6.98353e-23 1.10169e-19 0.970002
9.36 0.0215684 0.000132167 7.94113e-20 3.97059e-23 7.94113e-20 0.978299
9.48 0.0154268 0.000129903 5.66404e-20 2.25728e-23 5.66404e-20 0.984443
9.6 0.0109324 0.0001287 3.9983e-20 1.28474e-23 3.9983e-20 0.988939
9.72 0.00768127 0.000128079 2.79384e-20 7.33378e-24 2.79384e-20 0.992191
9.84 0.00535588 0.000127771 1.93271e-20 4.21069e-24 1.93271e-20 0.994516
9.96 0.00371092 0.000127627 1.32384e-20 2.44265e-24 1.32384e-20 0.996161
10.08 0.00255983 0.000127567 8.97999e-21 1.44204e-24 8.97999e-21 0.997313
10.2 0.00176286 0.000127548 6.03326e-21 8.75849e-25 6.03326e-21 0.99811
10.32 0.00121681 0.000127547 4.0155e-21 5.55481e-25 4.0155e-21 0.998656
10.44 0.00084648 0.000127553 2.64799e-21 3.74208e-25 2.64799e-21 0.999026
10.56 0.000597833 0.00012756 1.73049e-21 2.71639e-25 1.73049e-21 0.999275
10.68 0.000432514 0.000127567 1.12096e-21 2.13607e-25 1.12096e-21 0.99944
10.8 0.000323647 0.000127573 7.19931e-22 1.8078e-25 7.19931e-22 0.999549
10.92 0.000252626 0.000127577 4.58568e-22 1.62219e-25 4.58568e-22 0.99962
11.04 0.000206722 0.000127581 2.89821e-22 1.51732e-25 2.89821e-22 0.999666
11.16 0.00017733 0.000127583 1.81901e-22 1.45816e-25 1.81901e-22 0.999695
11.28 0.000158701 0.000127584 1.13587e-22 1.42485e-25 1.13587e-22 0.999714
11.4 0.000147043 0.000127585 7.08963e-23 1.40619e-25 7.08963e-23 0.999725
11.52 0.000139896 0.000127586 4.47583e-23 1.39584e-25 4.47583e-23 0.999733
11.64 0.0001357 0.000127586 2.94322e-23 1.39027e-25 2.94322e-23 0.999737
11.76 0.000133514 0.000127586 2.14562e-23 1.38755e-25 2.14562e-23 0.999739
11.88 0.000132838 0.000127587 1.89901e-23 1.38674e-25 1.89901e-23 0.99974
