0 0.000140392 0.000127586 4.65368e-23 1.3946e-25 4.65368e-23 0.999732
0.12 0.000141971 0.000127586 5.23253e-23 1.39686e-25 5.23253e-23 0.99973
0.24 0.000147051 0.000127585 7.09487e-23 1.4044e-25 7.09487e-23 0.999725
0.36 0.00015672 0.000127584 1.06425e-22 1.41978e-25 1.06425e-22 0.999716
0.48 0.000173007 0.000127583 1.66246e-22 1.4482e-25 1.66246e-22 0.999699
0.6 0.000199232 0.000127581 2.6267e-22 1.49922e-25 2.6267e-22 0.999673
0.72 0.000240551 0.000127578 4.1476e-22 1.58992e-25 4.1476e-22 0.999632
0.84 0.000304771 0.000127574 6.51391e-22 1.75059e-25 6.51391e-22 0.999568
0.96 0.000403509 0.000127569 1.01556e-21 2.03477e-25 1.01556e-21 0.999469
1.08 0.000553818 0.000127562 1.57042e-21 2.53707e-25 1.57042e-21 0.999319
1.2 0.000780409 0.000127554 2.40755e-21 3.42457e-25 2.40755e-21 0.999092
1.32 0.00111865 0.000127546 3.65808e-21 4.99249e-25 3.65808e-21 0.998754
1.44 0.00161854 0.000127544 5.50746e-21 7.76238e-25 5.50746e-21 0.998254
1.56 0.00234983 0.000127556 8.21459e-21 1.26556e-24 8.21459e-21 0.997523
1.68 0.00340858 0.0001276 1.21361e-20 2.12994e-24 1.21361e-20 0.996464
1.8 0.00492528 0.000127712 1.77566e-20 3.65665e-24 1.77566e-20 0.994947
1.92 0.00707469 0.000127962 2.57256e-20 6.35242e-24 2.57256e-20 0.992797
2.04 0.0100874 0.000128474 3.69001e-20 1.11101e-23 3.69001e-20 0.989784
2.16 0.0142632 0.000129477 5.23945e-20 1.94998e-23 5.23945e-20 0.985607
2.28 0.0199847 0.000131381 7.36324e-20 3.42773e-23 7.36324e-20 0.979884
2.4 0.0277319 0.00013491 1.02399e-19 6.02627e-23 1.02399e-19 0.972133
2.52 0.0380938 0.000141336 1.40887e-19 1.05854e-22 1.40887e-19 0.961765
2.64 0.051774 0.000152869 1.91717e-19 1.85608e-22 1.91717e-19 0.948073
2.76 0.0695863 0.000173315 2.57918e-19 3.24594e-22 2.57918e-19 0.93024
2.88 0.0924295 0.00020917 3.42841e-19 5.65647e-22 3.42841e-19 0.907361
3 0.121233 0.000271415 4.49954e-19 9.81273e-22 4.49954e-19 0.878495
3.12 0.156863 0.000378404 5.82486e-19 1.69286e-21 5.82486e-19 0.842759
3.24 0.199974 0.000560478 7.42894e-19 2.90118e-21 7.42894e-19 0.799465
3.36 0.250824 0.000867212 9.3215e-19 4.93405e-21 9.3215e-19 0.748309
3.48 0.309055 0.00137879 1.14895e-18 8.32037e-21 1.14895e-18 0.689566
3.6 0.373514 0.00222403 1.38902e-18 1.39059e-20 1.38902e-18 0.624262
3.72 0.442154 0.00360995 1.64476e-18 2.30407e-20 1.64476e-18 0.554237
3.84 0.5121 0.00587331 1.90549e-18 3.79023e-20 1.90549e-18 0.482027
3.96 0.579863 0.00957871 2.15823e-18 6.21112e-20 2.15823e-18 0.410558
4.08 0.6416 0.0157236 2.38867e-18 1.0203e-19 2.38867e-18 0.342676
4.2 0.693172 0.0262017 2.58138e-18 1.69756e-19 2.58138e-18 0.280626
4.32 0.729514 0.0448903 2.7175e-18 2.90293e-19 2.7175e-18 0.225595
4.44 0.742563 0.0800769 2.76694e-18 5.17968e-19 2.76694e-18 0.17736
4.56 0.717221 0.148616 2.67338e-18 9.65778e-19 2.67338e-18 0.134163
4.68 0.630061 0.276368 2.34939e-18 1.81394e-18 2.34939e-18 0.0935707
4.8 0.471966 0.471967 1.7607e-18 3.14416e-18 1.7607e-18 0.0560665
4.92 0.293151 0.679099 1.0943e-18 4.6126e-18 1.0943e-18 0.0277499
5.04 0.161542 0.826427 6.03521e-19 5.75059e-18 6.03521e-19 0.0120307
5.16 0.0868154 0.90814 3.24681e-19 6.50489e-18 3.24681e-19 0.00504466
5.28 0.0479268 0.949876 1.79445e-19 7.02892e-18 1.79445e-19 0.0021968
5.4 0.0275406 0.971431 1.03225e-19 7.43319e-18 1.03225e-19 0.00102849
5.52 0.0165453 0.982928 6.20667e-20 7.75611e-18 6.20667e-20 0.000525896
5.64 0.0106719 0.989026 4.00565e-20 7.99422e-18 4.00565e-20 0.000302184
5.76 0.00797382 0.991815 2.99372e-20 8.12892e-18 2.99372e-20 0.000211242
5.88 0.00765239 0.992146 2.87293e-20 8.14472e-18 2.87293e-20 0.000201482
6 0.00961262 0.990119 3.60767e-20 8.03962e-18 3.60767e-20 0.000267617
6.12 0.0144134 0.985141 5.40604e-20 7.82647e-18 5.40604e-20 0.000445878
6.24 0.0235711 0.975582 8.83279e-20 7.52487e-18 8.83279e-20 0.000847146
6.36 0.0404556 0.957778 1.51427e-19 7.14525e-18 1.51427e-19 0.00176593
6.48 0.0723383 0.923683 2.70428e-19 6.66504e-18 2.70428e-19 0.00397869
6.6 0.133805 0.856758 4.99621e-19 5.99754e-18 4.99621e-19 0.00943724
6.72 0.246559 0.731233 9.19735e-19 4.98915e-18 9.19735e-19 0.0222088
6.84 0.415616 0.537217 1.54923e-18 3.59014e-18 1.54923e-18 0.0471674
6.96 0.587471 0.32916 2.18865e-18 2.16447e-18 2.18865e-18 0.0833691
7.08 0.696327 0.179583 2.59311e-18 1.16746e-18 2.59311e-18 0.12409
7.2 0.736979 0.096051 2.74351e-18 6.20568e-19 2.74351e-18 0.16697
7.32 0.732816 0.053101 2.72713e-18 3.42588e-19 2.72713e-18 0.214083
7.44 0.701817 0.0306238 2.61097e-18 1.97845e-19 2.61097e-18 0.26756
7.56 0.653715 0.0182312 2.4313e-18 1.17984e-19 2.4313e-18 0.328053
7.68 0.594223 0.0110553 2.2094e-18 7.15393e-20 2.2094e-18 0.394722
7.8 0.527688 0.00676152 1.96145e-18 4.35948e-20 1.96145e-18 0.46555
7.92 0.458051 0.00414883 1.7021e-18 2.65042e-20 1.7021e-18 0.537801
8.04 0.38892 0.00255102 1.44478e-18 1.6011e-20 1.44478e-18 0.608529
8.16 0.323348 0.00157624 1.2008e-18 9.59205e-21 1.2008e-18 0.675076
8.28 0.263588 0.00098555 9.78542e-19 5.69579e-21 9.78542e-19 0.735426
8.4 0.211004 0.000630785 7.83033e-19 3.35326e-21 7.83033e-19 0.788365
8.52 0.166127 0.0004198 6.1623e-19 1.95875e-21 6.1623e-19 0.833453
8.64 0.128826 0.000295572 4.77629e-19 1.13637e-21 4.77629e-19 0.870879
8.76 0.098522 0.000223145 3.6506e-19 6.55459e-22 3.6506e-19 0.901255
8.88 0.0743859 0.00018133 2.75428e-19 3.76285e-22 2.75428e-19 0.925433
9 0.0554937 0.000157425 2.05291e-19 2.15209e-22 2.05291e-19 0.944349
9.12 0.0409343 0.000143902 1.51255e-19 1.22736e-22 1.51255e-19 0.958922
9.24 0.0298719 0.00013634 1.1021e-19 6.98605e-23 1.1021e-19 0.969992
9.36 0.0215763 0.000132168 7.94421e-20 3.97206e-23 7.94421e-20 0.978292
9.48 0.0154326 0.000129904 5.66631e-20 2.25814e-23 5.66631e-20 0.984437
9.6 0.0109366 0.0001287 3.99995e-20 1.28523e-23 3.99995e-20 0.988935
9.72 0.00768432 0.000128079 2.79502e-20 7.33662e-24 2.79502e-20 0.992188
9.84 0.00535805 0.000127771 1.93355e-20 4.21233e-24 1.93355e-20 0.994514
9.96 0.00371245 0.000127627 1.32444e-20 2.44359e-24 1.32444e-20 0.99616
10.08 0.00256089 0.000127567 8.98412e-21 1.44258e-24 8.98412e-21 0.997312
10.2 0.0017636 0.000127548 6.03611e-21 8.76159e-25 6.03611e-21 0.998109
10.32 0.00121731 0.000127547 4.01744e-21 5.55658e-25 4.01744e-21 0.998655
10.44 0.000846819 0.000127553 2.6493e-21 3.74309e-25 2.6493e-21 0.999026
10.56 0.00059806 0.00012756 1.73136e-21 2.71697e-25 1.73136e-21 0.999274
10.68 0.000432664 0.000127567 1.12154e-21 2.1364e-25 1.12154e-21 0.99944
10.8 0.000323746 0.000127573 7.20311e-22 1.80799e-25 7.20311e-22 0.999549
10.92 0.00025269 0.000127577 4.58815e-22 1.6223e-25 4.58815e-22 0.99962
11.04 0.000206764 0.000127581 2.8998e-22 1.51738e-25 2.8998e-22 0.999666
11.16 0.000177357 0.000127583 1.82003e-22 1.45819e-25 1.82003e-22 0.999695
11.28 0.000158718 0.000127584 1.13652e-22 1.42487e-25 1.13652e-22 0.999714
11.4 0.000147054 0.000127585 7.09375e-23 1.4062e-25 7.09375e-23 0.999725
11.52 0.000139903 0.000127586 4.47847e-23 1.39585e-25 4.47847e-23 0.999733
11.64 0.000135704 0.000127586 2.94498e-23 1.39027e-25 2.94498e-23 0.999737
11.76 0.000133517 0.000127586 2.14691e-23 1.38756e-25 2.14691e-23 0.999739
11.88 0.000132841 0.000127587 1.90015e-23 1.38674e-25 1.90015e-23 0.99974
