0 0.000144374 0.000127585 6.17568e-23 1.39734e-25 6.17568e-23 0.999728
0.12 0.000146446 0.000127585 6.94358e-23 1.40021e-25 6.94358e-23 0.999726
0.24 0.000153057 0.000127585 9.39377e-23 1.40971e-25 9.39377e-23 0.999719
0.36 0.000165557 0.000127583 1.403e-22 1.42902e-25 1.403e-22 0.999707
0.48 0.000186481 0.000127582 2.1797e-22 1.46457e-25 2.1797e-22 0.999686
0.6 0.000219961 0.000127579 3.42358e-22 1.52817e-25 3.42358e-22 0.999652
0.72 0.000272383 0.000127575 5.37293e-22 1.64088e-25 5.37293e-22 0.9996
0.84 0.000353352 0.00012757 8.38633e-22 1.83986e-25 8.38633e-22 0.999519
0.96 0.000477067 0.000127562 1.29941e-21 2.19061e-25 1.29941e-21 0.999395
1.08 0.000664219 0.000127553 1.99694e-21 2.80837e-25 1.99694e-21 0.999208
1.2 0.000944586 0.000127541 3.04255e-21 3.89597e-25 3.04255e-21 0.998928
1.32 0.00136048 0.00012753 4.59447e-21 5.81031e-25 4.59447e-21 0.998512
1.44 0.00197126 0.000127523 6.87483e-21 9.17942e-25 6.87483e-21 0.997901
1.56 0.00285917 0.000127532 1.01914e-20 1.51081e-24 1.01914e-20 0.997013
1.68 0.00413658 0.000127575 1.49648e-20 2.55395e-24 1.49648e-20 0.995736
1.8 0.00595498 0.000127695 2.17624e-20 4.38883e-24 2.17624e-20 0.993917
1.92 0.00851567 0.000127969 3.13382e-20 7.61495e-24 3.13382e-20 0.991356
2.04 0.0120822 0.000128539 4.46795e-20 1.32833e-23 4.46795e-20 0.987789
2.16 0.016994 0.000129662 6.30586e-20 2.32325e-23 6.30586e-20 0.982876
2.28 0.0236807 0.000131801 8.8086e-20 4.06702e-23 8.8086e-20 0.976187
2.4 0.0326756 0.000135767 1.21761e-19 7.11723e-23 1.21761e-19 0.967188
2.52 0.0446252 0.000142979 1.66508e-19 1.24386e-22 1.66508e-19 0.955232
2.64 0.0602907 0.000155888 2.25183e-19 2.16906e-22 2.25183e-19 0.939553
2.76 0.0805353 0.000178689 3.01024e-19 3.77066e-22 3.01024e-19 0.919286
2.88 0.106287 0.000218485 3.97515e-19 6.52823e-22 3.97515e-19 0.893495
3 0.138464 0.000287176 5.1811e-19 1.1245e-21 5.1811e-19 0.861248
3.12 0.177861 0.000404456 6.65791e-19 1.925e-21 6.65791e-19 0.821734
3.24 0.224977 0.000602524 8.4244e-19 3.27136e-21 8.4244e-19 0.774421
3.36 0.279808 0.000933375 1.04806e-18 5.51322e-21 1.04806e-18 0.719258
3.48 0.341648 0.0014801 1.28002e-18 9.20691e-21 1.28002e-18 0.656872
3.6 0.408933 0.00237464 1.53247e-18 1.52303e-20 1.53247e-18 0.588693
3.72 0.479232 0.00382693 1.7963e-18 2.49681e-20 1.7963e-18 0.516942
3.84 0.549401 0.00617591 2.05973e-18 4.06345e-20 2.05973e-18 0.444423
3.96 0.615878 0.00998752 2.3094e-18 6.58924e-20 2.3094e-18 0.374135
4.08 0.674969 0.0162611 2.53146e-18 1.07178e-19 2.53146e-18 0.30877
4.2 0.722853 0.0268982 2.71156e-18 1.76776e-19 2.71156e-18 0.250249
4.32 0.754826 0.0458053 2.83203e-18 3.00205e-19 2.83203e-18 0.199369
4.44 0.763064 0.0813511 2.86349e-18 5.33147e-19 2.86349e-18 0.155584
4.56 0.732449 0.15055 2.74916e-18 9.91549e-19 2.74916e-18 0.117002
4.68 0.639452 0.279341 2.40065e-18 1.85953e-18 2.40065e-18 0.0812066
4.8 0.475774 0.475775 1.78665e-18 3.21705e-18 1.78665e-18 0.0484502
4.92 0.293471 0.682619 1.10242e-18 4.70871e-18 1.10242e-18 0.02391
5.04 0.160658 0.828981 6.03766e-19 5.85953e-18 6.03766e-19 0.0103616
5.16 0.0857457 0.909901 3.2239e-19 6.61894e-18 3.2239e-19 0.00435346
5.28 0.0469639 0.951133 1.76651e-19 7.14152e-18 1.76651e-19 0.00190292
5.4 0.0267632 0.972341 1.00694e-19 7.53657e-18 1.00694e-19 0.000895939
5.52 0.0159804 0.983556 6.01244e-20 7.84085e-18 6.01244e-20 0.000463254
5.64 0.0103315 0.989394 3.88573e-20 8.05062e-18 3.88573e-20 0.000273636
5.76 0.00786417 0.991933 2.95547e-20 8.14949e-18 2.95547e-20 0.000202896
5.88 0.00777739 0.992013 2.9195e-20 8.12673e-18 2.9195e-20 0.000209545
6 0.00997768 0.989727 3.74025e-20 7.98609e-18 3.74025e-20 0.000295427
6.12 0.0150316 0.984462 5.62577e-20 7.74487e-18 5.62577e-20 0.000506509
6.24 0.024476 0.974549 9.14373e-20 7.42439e-18 9.14373e-20 0.000974455
6.36 0.0417293 0.956224 1.55579e-19 7.03405e-18 1.55579e-19 0.00204628
6.48 0.0741589 0.921205 2.75923e-19 6.54842e-18 2.75923e-19 0.00463591
6.6 0.136433 0.852536 5.06692e-19 5.87744e-18 5.06692e-19 0.0110309
6.72 0.249796 0.724272 9.26345e-19 4.8671e-18 9.26345e-19 0.025933
6.84 0.41711 0.528157 1.54518e-18 3.4776e-18 1.54518e-18 0.0547326
6.96 0.582946 0.32121 2.15786e-18 2.08217e-18 2.15786e-18 0.0958433
7.08 0.684139 0.174438 2.53096e-18 1.11848e-18 2.53096e-18 0.141422
7.2 0.718148 0.0930318 2.65547e-18 5.92977e-19 2.65547e-18 0.18882
7.32 0.708586 0.0512657 2.61897e-18 3.26218e-19 2.61897e-18 0.240148
7.44 0.673155 0.029429 2.487e-18 1.87374e-19 2.487e-18 0.297416
7.56 0.621604 0.0174154 2.29566e-18 1.10936e-19 2.29566e-18 0.360981
7.68 0.559859 0.0104885 2.06685e-18 6.67003e-20 2.06685e-18 0.429652
7.8 0.492475 0.00636926 1.81741e-18 4.02777e-20 1.81741e-18 0.501156
7.92 0.423446 0.00388164 1.56208e-18 2.4261e-20 1.56208e-18 0.572673
8.04 0.356241 0.0023729 1.31366e-18 1.45225e-20 1.31366e-18 0.641386
8.16 0.293609 0.00146027 1.08227e-18 8.62469e-21 1.08227e-18 0.704931
8.28 0.237419 0.000911799 8.74773e-19 5.07978e-21 8.74773e-19 0.76167
8.4 0.188652 0.000584936 6.94767e-19 2.9683e-21 6.94767e-19 0.810763
8.52 0.147528 0.000391901 5.43029e-19 1.72215e-21 5.43029e-19 0.85208
8.64 0.113697 0.000278939 4.18249e-19 9.93025e-22 4.18249e-19 0.886024
8.76 0.0864567 0.000213426 3.17814e-19 5.69663e-22 3.17814e-19 0.91333
8.88 0.0649294 0.000175766 2.38472e-19 3.25443e-22 2.38472e-19 0.934895
9 0.048196 0.000154312 1.76822e-19 1.85325e-22 1.76822e-19 0.95165
9.12 0.0353814 0.000142206 1.29627e-19 1.05287e-22 1.29627e-19 0.964476
9.24 0.0257015 0.000135446 9.39916e-20 5.97249e-23 9.39916e-20 0.974163
9.36 0.0184827 0.000131719 6.74276e-20 3.38577e-23 6.74276e-20 0.981386
9.48 0.0131649 0.000129694 4.78672e-20 1.92011e-23 4.78672e-20 0.986705
9.6 0.00929322 0.000128615 3.36331e-20 1.09084e-23 3.36331e-20 0.990578
9.72 0.00650661 0.000128055 2.33933e-20 6.22098e-24 2.33933e-20 0.993365
9.84 0.00452326 0.000127774 1.61092e-20 3.57305e-24 1.61092e-20 0.995349
9.96 0.00312705 0.000127641 1.09844e-20 2.07774e-24 1.09844e-20 0.996745
10.08 0.00215469 0.000127583 7.41763e-21 1.23344e-24 7.41763e-21 0.997718
10.2 0.00148463 0.000127562 4.96146e-21 7.56722e-25 4.96146e-21 0.998388
10.32 0.00102766 0.000127559 3.28763e-21 4.87518e-25 3.28763e-21 0.998845
10.44 0.000719156 0.000127562 2.15857e-21 3.35478e-25 2.15857e-21 0.999153
10.56 0.000512952 0.000127567 1.40458e-21 2.49598e-25 1.40458e-21 0.999359
10.68 0.000376459 0.000127572 9.05972e-22 2.01085e-25 9.05972e-22 0.999496
10.8 0.000286966 0.000127576 5.7941e-22 1.73683e-25 5.7941e-22 0.999585
10.92 0.000228833 0.00012758 3.67531e-22 1.58209e-25 3.67531e-22 0.999644
11.04 0.000191418 0.000127582 2.31337e-22 1.49477e-25 2.31337e-22 0.999681
11.16 0.000167559 0.000127584 1.44614e-22 1.44555e-25 1.44614e-22 0.999705
11.28 0.000152498 0.000127585 8.99531e-23 1.41786e-25 8.99531e-23 0.99972
11.4 0.000143111 0.000127586 5.59379e-23 1.40236e-25 5.59379e-23 0.999729
11.52 0.000137378 0.000127586 3.5198e-23 1.39377e-25 3.5198e-23 0.999735
11.64 0.000134026 0.000127586 2.30868e-23 1.38915e-25 2.30868e-23 0.999738
11.76 0.000132286 0.000127587 1.68097e-23 1.38689e-25 1.68097e-23 0.99974
11.88 0.00013175 0.000127587 1.48784e-23 1.38622e-25 1.48784e-23 0.999741
