0 0.000146437 0.000127585 6.96582e-23 1.39879e-25 6.96582e-23 0.999726
0.12 0.000148765 0.000127585 7.83175e-23 1.40197e-25 7.83175e-23 0.999724
0.24 0.000156157 0.000127584 1.05828e-22 1.4125e-25 1.05828e-22 0.999716
0.36 0.000170088 0.000127583 1.57705e-22 1.43381e-25 1.57705e-22 0.999702
0.48 0.000193333 0.000127581 2.44329e-22 1.47297e-25 2.44329e-22 0.999679
0.6 0.000230411 0.000127578 3.82612e-22 1.54289e-25 3.82612e-22 0.999642
0.72 0.000288286 0.000127574 5.98634e-22 1.66653e-25 5.98634e-22 0.999584
0.84 0.000377406 0.000127567 9.31527e-22 1.88439e-25 9.31527e-22 0.999495
0.96 0.00051316 0.000127559 1.43897e-21 2.26764e-25 1.43897e-21 0.999359
1.08 0.000717909 0.000127548 2.20479e-21 2.94131e-25 2.20479e-21 0.999154
1.2 0.00102372 0.000127535 3.34927e-21 4.12494e-25 3.34927e-21 0.998849
1.32 0.00147602 0.000127522 5.04284e-21 6.20412e-25 5.04284e-21 0.998396
1.44 0.00213834 0.000127514 7.52389e-21 9.85593e-25 7.52389e-21 0.997734
1.56 0.00309835 0.00012752 1.11217e-20 1.62691e-24 1.11217e-20 0.996774
1.68 0.00447552 0.000127563 1.62847e-20 2.75297e-24 1.62847e-20 0.995397
1.8 0.00643034 0.000127687 2.36158e-20 4.7296e-24 2.36158e-20 0.993442
1.92 0.00917534 0.000127972 3.39135e-20 8.19759e-24 3.39135e-20 0.990697
2.04 0.0129878 0.000128568 4.82197e-20 1.42777e-23 4.82197e-20 0.986884
2.16 0.0182235 0.000129745 6.78716e-20 2.49257e-23 6.78716e-20 0.981647
2.28 0.0253311 0.000131988 9.45561e-20 4.35447e-23 9.45561e-20 0.974537
2.4 0.034865 0.000136146 1.30357e-19 7.60336e-23 1.30357e-19 0.964999
2.52 0.0474937 0.000143698 1.7779e-19 1.32567e-22 1.7779e-19 0.952363
2.64 0.0639997 0.000157198 2.39797e-19 2.30587e-22 2.39797e-19 0.935843
2.76 0.085262 0.000180998 3.19686e-19 3.99767e-22 3.19686e-19 0.914557
2.88 0.112214 0.000222444 4.20972e-19 6.90124e-22 4.20972e-19 0.887563
3 0.145764 0.000293795 5.47072e-19 1.18506e-21 5.47072e-19 0.853942
3.12 0.186665 0.000415259 7.00828e-19 2.02189e-21 7.00828e-19 0.81292
3.24 0.235339 0.000619715 8.83841e-19 3.4237e-21 8.83841e-19 0.764041
3.36 0.291672 0.000960008 1.09569e-18 5.74789e-21 1.09569e-18 0.707367
3.48 0.354808 0.00152017 1.33316e-18 9.56004e-21 1.33316e-18 0.643671
3.6 0.423026 0.00243308 1.58981e-18 1.5748e-20 1.58981e-18 0.57454
3.72 0.493759 0.0039093 1.85598e-18 2.57061e-20 1.85598e-18 0.502331
3.84 0.563785 0.00628799 2.11957e-18 4.1657e-20 2.11957e-18 0.429927
3.96 0.629547 0.0101347 2.36719e-18 6.72727e-20 2.36719e-18 0.360318
4.08 0.687443 0.0164484 2.5853e-18 1.09008e-19 2.5853e-18 0.296109
4.2 0.733795 0.0271323 2.76005e-18 1.79205e-19 2.76005e-18 0.239072
4.32 0.764051 0.0461018 2.87429e-18 3.03566e-19 2.87429e-18 0.189848
4.44 0.770472 0.0817545 2.8989e-18 5.38274e-19 2.8989e-18 0.147773
4.56 0.737923 0.151167 2.77688e-18 1.00042e-18 2.77688e-18 0.11091
4.68 0.642813 0.280327 2.41939e-18 1.87576e-18 2.41939e-18 0.0768601
4.8 0.477103 0.477102 1.79606e-18 3.2439e-18 1.79606e-18 0.0457946
4.92 0.293512 0.68391 1.10519e-18 4.74504e-18 1.10519e-18 0.0225778
5.04 0.160259 0.829958 6.03606e-19 5.90127e-18 6.03606e-19 0.009783
5.16 0.0852948 0.910592 3.21344e-19 6.66277e-18 3.21344e-19 0.00411335
5.28 0.0465715 0.951628 1.75486e-19 7.18459e-18 1.75486e-19 0.00180048
5.4 0.0264561 0.972694 9.96875e-20 7.57562e-18 9.96875e-20 0.000849659
5.52 0.0157655 0.983793 5.93865e-20 7.87211e-18 5.93865e-20 0.000441519
5.64 0.0102104 0.989526 3.84348e-20 8.07042e-18 3.84348e-20 0.00026406
5.76 0.00783742 0.991962 2.94683e-20 8.15529e-18 2.94683e-20 0.000200749
5.88 0.00784646 0.99194 2.94565e-20 8.11796e-18 2.94565e-20 0.00021375
6 0.0101476 0.989545 3.80276e-20 7.96433e-18 3.80276e-20 0.000307704
6.12 0.0153158 0.984152 5.72829e-20 7.71312e-18 5.72829e-20 0.000532744
6.24 0.0249071 0.974063 9.29536e-20 7.386e-18 9.29536e-20 0.00102976
6.36 0.0423831 0.955448 1.57804e-19 6.9916e-18 1.57804e-19 0.00216943
6.48 0.0751993 0.919873 2.79335e-19 6.50298e-18 2.79335e-19 0.00492755
6.6 0.138138 0.850122 5.12059e-19 5.82812e-18 5.12059e-19 0.0117403
6.72 0.252271 0.720157 9.33607e-19 4.81274e-18 9.33607e-19 0.0275726
6.84 0.419258 0.522777 1.54977e-18 3.42365e-18 1.54977e-18 0.0579653
6.96 0.582484 0.316558 2.15131e-18 2.04134e-18 2.15131e-18 0.100958
7.08 0.680206 0.171504 2.51061e-18 1.09413e-18 2.51061e-18 0.14829
7.2 0.711337 0.0913768 2.6241e-18 5.79548e-19 2.6241e-18 0.197286
7.32 0.6996 0.0503123 2.57957e-18 3.18536e-19 2.57957e-18 0.250088
7.44 0.662508 0.0288443 2.44172e-18 1.82671e-19 2.44172e-18 0.308647
7.56 0.609759 0.0170381 2.24637e-18 1.07903e-19 2.24637e-18 0.373202
7.68 0.547319 0.0102388 2.01551e-18 6.46956e-20 2.01551e-18 0.442443
7.8 0.47978 0.00620329 1.76609e-18 3.89481e-20 1.76609e-18 0.514017
7.92 0.411126 0.00377233 1.51276e-18 2.33869e-20 1.51276e-18 0.585102
8.04 0.344749 0.00230205 1.268e-18 1.39566e-20 1.268e-18 0.652949
8.16 0.283271 0.00141521 1.04143e-18 8.26462e-21 1.04143e-18 0.715314
8.28 0.228417 0.000883699 8.39381e-19 4.85468e-21 8.39381e-19 0.7707
8.4 0.181037 0.000567749 6.64936e-19 2.82987e-21 6.64936e-19 0.818396
8.52 0.141245 0.000381583 5.18491e-19 1.63828e-21 5.18491e-19 0.858374
8.64 0.108625 0.000272854 3.98492e-19 9.42841e-22 3.98492e-19 0.891102
8.76 0.0824402 0.0002099 3.02201e-19 5.39957e-22 3.02201e-19 0.91735
8.88 0.0618016 0.000173761 2.26336e-19 3.08014e-22 2.26336e-19 0.938025
9 0.0457967 0.000153194 1.67527e-19 1.75174e-22 1.67527e-19 0.95405
9.12 0.0335662 0.000141597 1.22606e-19 9.9408e-23 1.22606e-19 0.966292
9.24 0.0243458 0.000135124 8.87548e-20 5.63363e-23 8.87548e-20 0.975519
9.36 0.0174825 0.000131555 6.3569e-20 3.19116e-23 6.3569e-20 0.982386
9.48 0.0124356 0.000129616 4.50571e-20 1.80866e-23 4.50571e-20 0.987435
9.6 0.0087675 0.000128582 3.16097e-20 1.02716e-23 3.16097e-20 0.991104
9.72 0.00613183 0.000128044 2.19525e-20 5.8577e-24 2.19525e-20 0.99374
9.84 0.00425899 0.000127773 1.50943e-20 3.3661e-24 1.50943e-20 0.995613
9.96 0.00294269 0.000127644 1.02772e-20 1.95998e-24 1.02772e-20 0.99693
10.08 0.00202741 0.000127587 6.92991e-21 1.1665e-24 6.92991e-21 0.997845
10.2 0.00139767 0.000127566 4.62858e-21 7.18694e-25 4.62858e-21 0.998475
10.32 0.000968836 0.000127562 3.06271e-21 4.65936e-25 3.06271e-21 0.998904
10.44 0.000679761 0.000127564 2.00809e-21 3.23242e-25 2.00809e-21 0.999193
10.56 0.000486821 0.000127569 1.30487e-21 2.42668e-25 1.30487e-21 0.999386
10.68 0.000359288 0.000127573 8.40528e-22 1.97167e-25 8.40528e-22 0.999513
10.8 0.000275785 0.000127577 5.36845e-22 1.71472e-25 5.36845e-22 0.999597
10.92 0.000221617 0.00012758 3.40092e-22 1.56966e-25 3.40092e-22 0.999651
11.04 0.000186798 0.000127582 2.13796e-22 1.4878e-25 2.13796e-22 0.999686
11.16 0.000164624 0.000127584 1.33485e-22 1.44167e-25 1.33485e-22 0.999708
11.28 0.000150644 0.000127585 8.29325e-23 1.41572e-25 8.29325e-23 0.999722
11.4 0.000141941 0.000127586 5.15148e-23 1.40119e-25 5.15148e-23 0.99973
11.52 0.000136632 0.000127586 3.23828e-23 1.39313e-25 3.23828e-23 0.999736
11.64 0.000133531 0.000127586 2.12242e-23 1.3888e-25 2.12242e-23 0.999739
11.76 0.000131923 0.000127587 1.54478e-23 1.38669e-25 1.54478e-23 0.99974
11.88 0.000131429 0.000127587 1.3673e-23 1.38606e-25 1.3673e-23 0.999741
