0 0.000140346 0.000127586 4.63635e-23 1.39457e-25 4.63635e-23 0.999732
0.12 0.00014192 0.000127586 5.21304e-23 1.39682e-25 5.21304e-23 0.99973
0.24 0.000146982 0.000127585 7.06863e-23 1.40434e-25 7.06863e-23 0.999725
0.36 0.000156618 0.000127584 1.06037e-22 1.41967e-25 1.06037e-22 0.999716
0.48 0.000172851 0.000127583 1.65649e-22 1.44801e-25 1.65649e-22 0.9997
0.6 0.000198991 0.000127581 2.61746e-22 1.49888e-25 2.61746e-22 0.999673
0.72 0.000240179 0.000127578 4.13331e-22 1.58933e-25 4.13331e-22 0.999632
0.84 0.000304199 0.000127574 6.49193e-22 1.74954e-25 6.49193e-22 0.999568
0.96 0.000402639 0.000127569 1.01221e-21 2.03294e-25 1.01221e-21 0.99947
1.08 0.000552504 0.000127562 1.56535e-21 2.53386e-25 1.56535e-21 0.99932
1.2 0.000778442 0.000127554 2.39995e-21 3.41896e-25 2.39995e-21 0.999094
1.32 0.00111574 0.000127547 3.64682e-21 4.9827e-25 3.64682e-21 0.998757
1.44 0.00161426 0.000127544 5.49092e-21 7.74531e-25 5.49092e-21 0.998258
1.56 0.00234362 0.000127556 8.19053e-21 1.26259e-24 8.19053e-21 0.997529
1.68 0.00339965 0.0001276 1.21015e-20 2.12477e-24 1.21015e-20 0.996473
1.8 0.00491258 0.000127713 1.77073e-20 3.64768e-24 1.77073e-20 0.99496
1.92 0.0070568 0.000127962 2.56561e-20 6.33686e-24 2.56561e-20 0.992815
2.04 0.0100625 0.000128473 3.68032e-20 1.10831e-23 3.68032e-20 0.989809
2.16 0.0142289 0.000129475 5.22609e-20 1.94533e-23 5.22609e-20 0.985642
2.28 0.019938 0.000131376 7.34502e-20 3.41971e-23 7.34502e-20 0.97993
2.4 0.0276692 0.000134899 1.02154e-19 6.01249e-23 1.02154e-19 0.972196
2.52 0.0380103 0.000141315 1.40561e-19 1.05619e-22 1.40561e-19 0.961848
2.64 0.0516646 0.00015283 1.91288e-19 1.85207e-22 1.91288e-19 0.948182
2.76 0.0694447 0.000173245 2.57362e-19 3.23917e-22 2.57362e-19 0.930382
2.88 0.0922492 0.000209048 3.42131e-19 5.64514e-22 3.42131e-19 0.907542
3 0.121008 0.000271207 4.49063e-19 9.79396e-22 4.49063e-19 0.878721
3.12 0.156586 0.000378058 5.81389e-19 1.68979e-21 5.81389e-19 0.843036
3.24 0.199642 0.000559913 7.41573e-19 2.89623e-21 7.41573e-19 0.799798
3.36 0.250435 0.000866314 9.30598e-19 4.92622e-21 9.30598e-19 0.748699
3.48 0.308613 0.0013774 1.14718e-18 8.30825e-21 1.14718e-18 0.690009
3.6 0.373028 0.00222193 1.38706e-18 1.38876e-20 1.38706e-18 0.62475
3.72 0.44164 0.00360688 1.64267e-18 2.30136e-20 1.64267e-18 0.554753
3.84 0.511577 0.00586896 1.90334e-18 3.78633e-20 1.90334e-18 0.482554
3.96 0.579353 0.00957272 2.1561e-18 6.20563e-20 2.1561e-18 0.411075
4.08 0.641122 0.0157155 2.38663e-18 1.01954e-19 2.38663e-18 0.343163
4.2 0.692742 0.026191 2.57951e-18 1.6965e-19 2.57951e-18 0.281067
4.32 0.729145 0.044876 2.71584e-18 2.90142e-19 2.71584e-18 0.225979
4.44 0.742261 0.0800567 2.76554e-18 5.17736e-19 2.76554e-18 0.177682
4.56 0.716996 0.148586 2.67228e-18 9.65388e-19 2.67228e-18 0.134418
4.68 0.629922 0.276322 2.34864e-18 1.81327e-18 2.34864e-18 0.0937561
4.8 0.471909 0.47191 1.76031e-18 3.1431e-18 1.76031e-18 0.0561815
4.92 0.293144 0.679048 1.09417e-18 4.61123e-18 1.09417e-18 0.027808
5.04 0.161553 0.826391 6.03511e-19 5.74906e-18 6.03511e-19 0.0120561
5.16 0.0868293 0.908116 3.24709e-19 6.50328e-18 3.24709e-19 0.00505512
5.28 0.0479397 0.949859 1.79481e-19 7.02733e-18 1.79481e-19 0.00220124
5.4 0.0275512 0.971418 1.0326e-19 7.43172e-18 1.0326e-19 0.00103049
5.52 0.0165533 0.98292 6.20942e-20 7.75488e-18 6.20942e-20 0.000526844
5.64 0.0106769 0.98902 4.00744e-20 7.99338e-18 4.00744e-20 0.000302625
5.76 0.00797578 0.991812 2.99443e-20 8.12858e-18 2.99443e-20 0.000211388
5.88 0.00765122 0.992147 2.87251e-20 8.14492e-18 2.87251e-20 0.000201398
6 0.00960833 0.990124 3.60613e-20 8.04034e-18 3.60613e-20 0.000267266
6.12 0.014406 0.985149 5.40348e-20 7.82761e-18 5.40348e-20 0.000445099
6.24 0.0235608 0.975594 8.82936e-20 7.52629e-18 8.82936e-20 0.000845514
6.36 0.0404425 0.957795 1.51387e-19 7.14682e-18 1.51387e-19 0.00176236
6.48 0.0723227 0.923707 2.70389e-19 6.66666e-18 2.70389e-19 0.00397041
6.6 0.133789 0.856794 4.99601e-19 5.99913e-18 4.99601e-19 0.00941722
6.72 0.24655 0.731288 9.19786e-19 4.99063e-18 9.19786e-19 0.0221617
6.84 0.415644 0.537286 1.54948e-18 3.59138e-18 1.54948e-18 0.0470693
6.96 0.587576 0.329222 2.18926e-18 2.16532e-18 2.18926e-18 0.083202
7.08 0.696524 0.179625 2.5941e-18 1.16797e-18 2.5941e-18 0.123852
7.2 0.737258 0.0960774 2.74482e-18 6.20861e-19 2.74482e-18 0.166665
7.32 0.733167 0.0531187 2.72871e-18 3.42771e-19 2.72871e-18 0.213714
7.44 0.702231 0.0306365 2.61278e-18 1.97969e-19 2.61278e-18 0.267133
7.56 0.654182 0.0182405 2.43329e-18 1.18071e-19 2.43329e-18 0.327578
7.68 0.594726 0.0110622 2.21151e-18 7.16017e-20 2.21151e-18 0.394212
7.8 0.528208 0.00676649 1.96359e-18 4.36391e-20 1.96359e-18 0.465025
7.92 0.458566 0.00415233 1.70421e-18 2.6535e-20 1.70421e-18 0.537281
8.04 0.389412 0.00255342 1.44677e-18 1.60319e-20 1.44677e-18 0.608035
8.16 0.323799 0.00157784 1.20262e-18 9.60586e-21 1.20262e-18 0.674623
8.28 0.263989 0.000986584 9.80139e-19 5.70473e-21 9.80139e-19 0.735025
8.4 0.211349 0.000631438 7.84402e-19 3.35892e-21 7.84402e-19 0.78802
8.52 0.166416 0.000420202 6.17373e-19 1.96227e-21 6.17373e-19 0.833164
8.64 0.129062 0.000295814 4.78561e-19 1.13852e-21 4.78561e-19 0.870642
8.76 0.0987115 0.000223287 3.65805e-19 6.56762e-22 3.65805e-19 0.901065
8.88 0.0745351 0.000181412 2.76014e-19 3.77064e-22 2.76014e-19 0.925283
9 0.0556094 0.000157472 2.05744e-19 2.1567e-22 2.05744e-19 0.944233
9.12 0.0410228 0.000143928 1.51601e-19 1.23007e-22 1.51601e-19 0.958833
9.24 0.0299386 0.000136353 1.10471e-19 7.0019e-23 1.10471e-19 0.969925
9.36 0.021626 0.000132174 7.96361e-20 3.98128e-23 7.96361e-20 0.978242
9.48 0.0154692 0.000129907 5.68057e-20 2.26348e-23 5.68057e-20 0.984401
9.6 0.0109633 0.000128702 4.01031e-20 1.28832e-23 4.01031e-20 0.988908
9.72 0.00770348 0.000128079 2.80247e-20 7.35446e-24 2.80247e-20 0.992168
9.84 0.00537169 0.000127771 1.93885e-20 4.2226e-24 1.93885e-20 0.994501
9.96 0.00372205 0.000127627 1.32816e-20 2.4495e-24 1.32816e-20 0.99615
10.08 0.00256759 0.000127567 9.01004e-21 1.44598e-24 9.01004e-21 0.997305
10.2 0.00176821 0.000127548 6.05396e-21 8.78106e-25 6.05396e-21 0.998104
10.32 0.00122046 0.000127547 4.02961e-21 5.56774e-25 4.02961e-21 0.998652
10.44 0.000848949 0.000127553 2.65752e-21 3.74948e-25 2.65752e-21 0.999024
10.56 0.000599485 0.00012756 1.73686e-21 2.72062e-25 1.73686e-21 0.999273
10.68 0.00043361 0.000127567 1.12518e-21 2.13848e-25 1.12518e-21 0.999439
10.8 0.000324367 0.000127573 7.227e-22 1.80917e-25 7.227e-22 0.999548
10.92 0.000253095 0.000127577 4.60369e-22 1.62297e-25 4.60369e-22 0.999619
11.04 0.000207025 0.000127581 2.90982e-22 1.51776e-25 2.90982e-22 0.999665
11.16 0.000177524 0.000127583 1.82644e-22 1.4584e-25 1.82644e-22 0.999695
11.28 0.000158825 0.000127584 1.1406e-22 1.42499e-25 1.1406e-22 0.999714
11.4 0.000147122 0.000127585 7.11969e-23 1.40626e-25 7.11969e-23 0.999725
11.52 0.000139947 0.000127586 4.4951e-23 1.39588e-25 4.4951e-23 0.999732
11.64 0.000135734 0.000127586 2.95605e-23 1.39029e-25 2.95605e-23 0.999737
11.76 0.000133539 0.000127586 2.15503e-23 1.38757e-25 2.15503e-23 0.999739
11.88 0.000132859 0.000127587 1.90733e-23 1.38675e-25 1.90733e-23 0.99974
