0 0.000140306 0.000127586 4.62089e-23 1.39454e-25 4.62089e-23 0.999732
0.12 0.000141875 0.000127586 5.19565e-23 1.39678e-25 5.19565e-23 0.99973
0.24 0.000146921 0.000127585 7.0452e-23 1.40428e-25 7.0452e-23 0.999725
0.36 0.000156528 0.000127584 1.0569e-22 1.41958e-25 1.0569e-22 0.999716
0.48 0.000172713 0.000127583 1.65117e-22 1.44785e-25 1.65117e-22 0.9997
0.6 0.000198776 0.000127581 2.6092e-22 1.49858e-25 2.6092e-22 0.999674
0.72 0.000239846 0.000127578 4.12052e-22 1.5888e-25 4.12052e-22 0.999633
0.84 0.000303689 0.000127574 6.47226e-22 1.74861e-25 6.47226e-22 0.999569
0.96 0.000401861 0.000127569 1.00921e-21 2.0313e-25 1.00921e-21 0.999471
1.08 0.000551328 0.000127562 1.56081e-21 2.53099e-25 1.56081e-21 0.999321
1.2 0.000776682 0.000127554 2.39315e-21 3.41394e-25 2.39315e-21 0.999096
1.32 0.00111313 0.000127547 3.63672e-21 4.97394e-25 3.63672e-21 0.998759
1.44 0.00161043 0.000127545 5.47608e-21 7.73002e-25 5.47608e-21 0.998262
1.56 0.00233805 0.000127556 8.16894e-21 1.25992e-24 8.16894e-21 0.997534
1.68 0.00339164 0.0001276 1.20704e-20 2.12014e-24 1.20704e-20 0.996481
1.8 0.00490117 0.000127713 1.7663e-20 3.63962e-24 1.7663e-20 0.994971
1.92 0.00704074 0.000127962 2.55936e-20 6.32288e-24 2.55936e-20 0.992831
2.04 0.0100402 0.000128472 3.67161e-20 1.10589e-23 3.67161e-20 0.989831
2.16 0.0141981 0.000129473 5.21407e-20 1.94114e-23 5.21407e-20 0.985672
2.28 0.0198961 0.000131371 7.32863e-20 3.41249e-23 7.32863e-20 0.979972
2.4 0.0276127 0.00013489 1.01933e-19 6.00008e-23 1.01933e-19 0.972252
2.52 0.0379352 0.000141296 1.40267e-19 1.05406e-22 1.40267e-19 0.961923
2.64 0.051566 0.000152795 1.90901e-19 1.84846e-22 1.90901e-19 0.948281
2.76 0.0693172 0.000173182 2.5686e-19 3.23307e-22 2.5686e-19 0.930509
2.88 0.0920866 0.000208939 3.41491e-19 5.63491e-22 3.41491e-19 0.907704
3 0.120804 0.00027102 4.48258e-19 9.777e-22 4.48258e-19 0.878925
3.12 0.156336 0.000377745 5.80398e-19 1.68702e-21 5.80398e-19 0.843287
3.24 0.199341 0.000559404 7.40379e-19 2.89176e-21 7.40379e-19 0.800099
3.36 0.250083 0.000865502 9.29195e-19 4.91914e-21 9.29195e-19 0.749051
3.48 0.308214 0.00137614 1.14558e-18 8.29727e-21 1.14558e-18 0.69041
3.6 0.37259 0.00222004 1.38528e-18 1.3871e-20 1.38528e-18 0.62519
3.72 0.441175 0.0036041 1.64077e-18 2.2989e-20 1.64077e-18 0.555221
3.84 0.511104 0.00586502 1.90139e-18 3.78279e-20 1.90139e-18 0.483031
3.96 0.57889 0.00956729 2.15416e-18 6.20064e-20 2.15416e-18 0.411543
4.08 0.640689 0.0157082 2.38479e-18 1.01885e-19 2.38479e-18 0.343603
4.2 0.692353 0.0261813 2.57781e-18 1.69554e-19 2.57781e-18 0.281466
4.32 0.728809 0.0448629 2.71434e-18 2.90004e-19 2.71434e-18 0.226328
4.44 0.741988 0.0800383 2.76426e-18 5.17524e-19 2.76426e-18 0.177974
4.56 0.716792 0.148558 2.67127e-18 9.65032e-19 2.67127e-18 0.13465
4.68 0.629796 0.27628 2.34795e-18 1.81265e-18 2.34795e-18 0.0939245
4.8 0.471856 0.471858 1.75997e-18 3.14213e-18 1.75997e-18 0.0562858
4.92 0.293138 0.679001 1.09406e-18 4.60997e-18 1.09406e-18 0.0278609
5.04 0.161563 0.826359 6.035e-19 5.74765e-18 6.035e-19 0.0120791
5.16 0.0868419 0.908093 3.24733e-19 6.50182e-18 3.24733e-19 0.00506463
5.28 0.0479514 0.949843 1.79514e-19 7.02588e-18 1.79514e-19 0.00220528
5.4 0.0275609 0.971407 1.03291e-19 7.43037e-18 1.03291e-19 0.0010323
5.52 0.0165606 0.982911 6.21191e-20 7.75376e-18 6.21191e-20 0.000527706
5.64 0.0106815 0.989015 4.00907e-20 7.9926e-18 4.00907e-20 0.000303026
5.76 0.00797765 0.99181 2.99509e-20 8.12825e-18 2.99509e-20 0.000211523
5.88 0.00765031 0.992148 2.87217e-20 8.14509e-18 2.87217e-20 0.000201325
6 0.00960468 0.990128 3.60483e-20 8.04098e-18 3.60483e-20 0.000266953
6.12 0.0143998 0.985156 5.4013e-20 7.82862e-18 5.4013e-20 0.000444402
6.24 0.0235522 0.975604 8.82653e-20 7.52756e-18 8.82653e-20 0.000844055
6.36 0.0404322 0.957809 1.51357e-19 7.14823e-18 1.51357e-19 0.00175919
6.48 0.0723116 0.923725 2.70365e-19 6.6681e-18 2.70365e-19 0.00396304
6.6 0.13378 0.856821 4.99604e-19 6.00053e-18 4.99604e-19 0.00939941
6.72 0.246554 0.731327 9.19871e-19 4.99191e-18 9.19871e-19 0.0221196
6.84 0.415684 0.537334 1.54976e-18 3.59241e-18 1.54976e-18 0.0469813
6.96 0.587684 0.329264 2.18985e-18 2.16602e-18 2.18985e-18 0.0830511
7.08 0.69671 0.179654 2.59502e-18 1.16837e-18 2.59502e-18 0.123635
7.2 0.737516 0.0960973 2.74604e-18 6.21101e-19 2.74604e-18 0.166387
7.32 0.733489 0.0531327 2.73017e-18 3.42924e-19 2.73017e-18 0.213378
7.44 0.70261 0.0306469 2.61444e-18 1.98074e-19 2.61444e-18 0.266743
7.56 0.654608 0.0182484 2.43511e-18 1.18147e-19 2.43511e-18 0.327144
7.68 0.595185 0.0110681 2.21343e-18 7.16565e-20 2.21343e-18 0.393747
7.8 0.528684 0.00677082 1.96555e-18 4.36782e-20 1.96555e-18 0.464546
7.92 0.459038 0.00415542 1.70613e-18 2.65623e-20 1.70613e-18 0.536807
8.04 0.389862 0.00255555 1.44858e-18 1.60505e-20 1.44858e-18 0.607583
8.16 0.324212 0.00157926 1.20427e-18 9.61824e-21 1.20427e-18 0.674209
8.28 0.264355 0.000987507 9.81601e-19 5.71276e-21 9.81601e-19 0.734657
8.4 0.211665 0.000632022 7.85654e-19 3.36402e-21 7.85654e-19 0.787703
8.52 0.16668 0.000420562 6.18418e-19 1.96545e-21 6.18418e-19 0.832899
8.64 0.129279 0.000296031 4.79415e-19 1.14047e-21 4.79415e-19 0.870425
8.76 0.0988852 0.000223416 3.66489e-19 6.57942e-22 3.66489e-19 0.900891
8.88 0.074672 0.000181485 2.76551e-19 3.7777e-22 2.76551e-19 0.925147
9 0.0557156 0.000157513 2.0616e-19 2.16089e-22 2.0616e-19 0.944127
9.12 0.041104 0.00014395 1.51919e-19 1.23254e-22 1.51919e-19 0.958752
9.24 0.0299999 0.000136365 1.1071e-19 7.01632e-23 1.1071e-19 0.969864
9.36 0.0216717 0.00013218 7.98142e-20 3.98968e-23 7.98142e-20 0.978196
9.48 0.0155029 0.000129909 5.69367e-20 2.26836e-23 5.69367e-20 0.984367
9.6 0.0109878 0.000128703 4.01984e-20 1.29114e-23 4.01984e-20 0.988884
9.72 0.00772112 0.000128079 2.80932e-20 7.37075e-24 2.80932e-20 0.992151
9.84 0.00538425 0.00012777 1.94372e-20 4.23199e-24 1.94372e-20 0.994488
9.96 0.0037309 0.000127627 1.33159e-20 2.4549e-24 1.33159e-20 0.996141
10.08 0.00257376 0.000127567 9.03391e-21 1.44909e-24 9.03391e-21 0.997299
10.2 0.00177247 0.000127548 6.07041e-21 8.7989e-25 6.07041e-21 0.9981
10.32 0.00122337 0.000127547 4.04083e-21 5.57798e-25 4.04083e-21 0.998649
10.44 0.000850914 0.000127553 2.6651e-21 3.75534e-25 2.6651e-21 0.999022
10.56 0.000600802 0.00012756 1.74193e-21 2.72397e-25 1.74193e-21 0.999272
10.68 0.000434483 0.000127567 1.12854e-21 2.1404e-25 1.12854e-21 0.999438
10.8 0.000324941 0.000127573 7.24906e-22 1.81026e-25 7.24906e-22 0.999547
10.92 0.000253469 0.000127577 4.61805e-22 1.62359e-25 4.61805e-22 0.999619
11.04 0.000207267 0.000127581 2.91909e-22 1.51811e-25 2.91909e-22 0.999665
11.16 0.000177679 0.000127583 1.83238e-22 1.4586e-25 1.83238e-22 0.999695
11.28 0.000158923 0.000127584 1.14438e-22 1.4251e-25 1.14438e-22 0.999713
11.4 0.000147185 0.000127585 7.14371e-23 1.40632e-25 7.14371e-23 0.999725
11.52 0.000139987 0.000127586 4.51052e-23 1.39592e-25 4.51052e-23 0.999732
11.64 0.000135761 0.000127586 2.96631e-23 1.39031e-25 2.96631e-23 0.999737
11.76 0.000133558 0.000127586 2.16255e-23 1.38758e-25 2.16255e-23 0.999739
11.88 0.000132877 0.000127587 1.91398e-23 1.38676e-25 1.91398e-23 0.99974
