0 0.000140475 0.000127586 4.68538e-23 1.39465e-25 4.68538e-23 0.999732
0.12 0.000142065 0.000127586 5.26817e-23 1.39693e-25 5.26817e-23 0.99973
0.24 0.000147177 0.000127585 7.14285e-23 1.40451e-25 7.14285e-23 0.999725
0.36 0.000156906 0.000127584 1.07135e-22 1.41997e-25 1.07135e-22 0.999715
0.48 0.000173292 0.000127583 1.67334e-22 1.44855e-25 1.67334e-22 0.999699
0.6 0.000199672 0.000127581 2.64355e-22 1.49983e-25 2.64355e-22 0.999673
0.72 0.00024123 0.000127578 4.17364e-22 1.591e-25 4.17364e-22 0.999631
0.84 0.000305813 0.000127574 6.5539e-22 1.7525e-25 6.5539e-22 0.999567
0.96 0.000405095 0.000127568 1.02165e-21 2.03812e-25 1.02165e-21 0.999467
1.08 0.00055621 0.000127561 1.57962e-21 2.54292e-25 1.57962e-21 0.999316
1.2 0.000783984 0.000127553 2.42131e-21 3.43479e-25 2.42131e-21 0.999089
1.32 0.00112394 0.000127546 3.67848e-21 5.0103e-25 3.67848e-21 0.998749
1.44 0.0016263 0.000127544 5.5374e-21 7.79337e-25 5.5374e-21 0.998246
1.56 0.00236109 0.000127555 8.25808e-21 1.27095e-24 8.25808e-21 0.997511
1.68 0.00342475 0.000127599 1.21986e-20 2.13929e-24 1.21986e-20 0.996448
1.8 0.00494826 0.000127712 1.78456e-20 3.67288e-24 1.78456e-20 0.994924
1.92 0.007107 0.000127962 2.58509e-20 6.38053e-24 2.58509e-20 0.992765
2.04 0.0101324 0.000128475 3.70746e-20 1.11587e-23 3.70746e-20 0.989739
2.16 0.014325 0.000129481 5.26348e-20 1.95837e-23 5.26348e-20 0.985545
2.28 0.0200688 0.000131391 7.39596e-20 3.44217e-23 7.39596e-20 0.9798
2.4 0.027845 0.00013493 1.0284e-19 6.05103e-23 1.0284e-19 0.97202
2.52 0.0382438 0.000141374 1.41473e-19 1.06277e-22 1.41473e-19 0.961615
2.64 0.0519707 0.000152939 1.92486e-19 1.86326e-22 1.92486e-19 0.947876
2.76 0.0698404 0.00017344 2.58913e-19 3.25805e-22 2.58913e-19 0.929986
2.88 0.0927528 0.000209389 3.4411e-19 5.67673e-22 3.4411e-19 0.907038
3 0.121638 0.000271788 4.51545e-19 9.84624e-22 4.51545e-19 0.87809
3.12 0.157359 0.000379025 5.84443e-19 1.69833e-21 5.84443e-19 0.842262
3.24 0.200569 0.000561488 7.45249e-19 2.90998e-21 7.45249e-19 0.798869
3.36 0.251519 0.000868817 9.34913e-19 4.94795e-21 9.34913e-19 0.747612
3.48 0.309844 0.00138127 1.1521e-18 8.34187e-21 1.1521e-18 0.688775
3.6 0.374379 0.00222777 1.39249e-18 1.39384e-20 1.39249e-18 0.623394
3.72 0.443068 0.0036154 1.64846e-18 2.30886e-20 1.64846e-18 0.553317
3.84 0.51303 0.00588103 1.9093e-18 3.79711e-20 1.9093e-18 0.481089
3.96 0.58077 0.00958932 2.16199e-18 6.22078e-20 2.16199e-18 0.409641
4.08 0.64245 0.0157378 2.39226e-18 1.02163e-19 2.39226e-18 0.341813
4.2 0.693934 0.0262205 2.58468e-18 1.6994e-19 2.58468e-18 0.279845
4.32 0.73017 0.0449155 2.72042e-18 2.90557e-19 2.72042e-18 0.224915
4.44 0.743097 0.0801126 2.7694e-18 5.18373e-19 2.7694e-18 0.176791
4.56 0.717619 0.14867 2.67532e-18 9.66458e-19 2.67532e-18 0.13371
4.68 0.630308 0.276449 2.35069e-18 1.81512e-18 2.35069e-18 0.0932428
4.8 0.472068 0.472069 1.76135e-18 3.146e-18 1.76135e-18 0.0558634
4.92 0.293163 0.67919 1.0945e-18 4.61498e-18 1.0945e-18 0.0276471
5.04 0.161523 0.826491 6.03534e-19 5.75327e-18 6.03534e-19 0.011986
5.16 0.0867907 0.908183 3.24629e-19 6.50767e-18 3.24629e-19 0.00502617
5.28 0.047904 0.949907 1.79378e-19 7.03167e-18 1.79378e-19 0.00218897
5.4 0.0275217 0.971453 1.03163e-19 7.43573e-18 1.03163e-19 0.00102496
5.52 0.0165314 0.982944 6.20182e-20 7.7582e-18 6.20182e-20 0.000524225
5.64 0.0106632 0.989035 4.00255e-20 7.99563e-18 4.00255e-20 0.00030141
5.76 0.00797073 0.991818 2.9926e-20 8.12945e-18 2.9926e-20 0.00021099
5.88 0.00765508 0.992143 2.87389e-20 8.14427e-18 2.87389e-20 0.000201643
6 0.00962125 0.99011 3.61075e-20 8.03826e-18 3.61075e-20 0.000268258
6.12 0.0144282 0.985124 5.41124e-20 7.82437e-18 5.41124e-20 0.0004473
6.24 0.0235927 0.975557 8.84008e-20 7.52227e-18 8.84008e-20 0.000850131
6.36 0.0404854 0.957742 1.51521e-19 7.14237e-18 1.51521e-19 0.00177247
6.48 0.0723788 0.923627 2.70544e-19 6.66204e-18 2.70544e-19 0.00399395
6.6 0.13386 0.856666 4.99751e-19 5.99451e-18 4.99751e-19 0.00947415
6.72 0.246619 0.731086 9.19812e-19 4.98617e-18 9.19812e-19 0.0222954
6.84 0.415627 0.537028 1.54901e-18 3.58749e-18 1.54901e-18 0.0473453
6.96 0.587338 0.328994 2.18778e-18 2.16257e-18 2.18778e-18 0.0836673
7.08 0.696015 0.179475 2.59148e-18 1.16634e-18 2.59148e-18 0.12451
7.2 0.736507 0.0959866 2.74125e-18 6.19937e-19 2.74125e-18 0.167506
7.32 0.732211 0.0530609 2.72437e-18 3.42209e-19 2.72437e-18 0.214728
7.44 0.701098 0.0305969 2.60781e-18 1.97598e-19 2.60781e-18 0.268305
7.56 0.652904 0.0182123 2.42782e-18 1.17814e-19 2.42782e-18 0.328884
7.68 0.593347 0.0110418 2.20572e-18 7.14205e-20 2.20572e-18 0.395611
7.8 0.526783 0.006752 1.9577e-18 4.3512e-20 1.9577e-18 0.466465
7.92 0.457152 0.00414222 1.69843e-18 2.64474e-20 1.69843e-18 0.538706
8.04 0.388064 0.00254655 1.44132e-18 1.59728e-20 1.44132e-18 0.609389
8.16 0.322563 0.00157329 1.19765e-18 9.56692e-21 1.19765e-18 0.675864
8.28 0.262892 0.000983653 9.7576e-19 5.67962e-21 9.7576e-19 0.736124
8.4 0.210406 0.000629595 7.80653e-19 3.34306e-21 7.80653e-19 0.788965
8.52 0.165626 0.00041907 6.14245e-19 1.95244e-21 6.14245e-19 0.833955
8.64 0.128416 0.000295134 4.76011e-19 1.13251e-21 4.76011e-19 0.871289
8.76 0.0981939 0.000222888 3.63767e-19 6.53139e-22 3.63767e-19 0.901583
8.88 0.0741276 0.000181182 2.74412e-19 3.74902e-22 2.74412e-19 0.925691
9 0.0552936 0.000157342 2.04505e-19 2.14392e-22 2.04505e-19 0.944549
9.12 0.0407815 0.000143857 1.50656e-19 1.22257e-22 1.50656e-19 0.959075
9.24 0.0297567 0.000136316 1.0976e-19 6.95811e-23 1.0976e-19 0.970107
9.36 0.0214906 0.000132156 7.91073e-20 3.95583e-23 7.91073e-20 0.978377
9.48 0.0153696 0.000129898 5.64172e-20 2.24875e-23 5.64172e-20 0.984501
9.6 0.0108908 0.000128698 3.9821e-20 1.27981e-23 3.9821e-20 0.98898
9.72 0.00765136 0.000128078 2.7822e-20 7.30543e-24 2.7822e-20 0.992221
9.84 0.00533462 0.000127771 1.92445e-20 4.1944e-24 1.92445e-20 0.994538
9.96 0.00369596 0.000127628 1.31804e-20 2.4333e-24 1.31804e-20 0.996176
10.08 0.00254942 0.000127568 8.93963e-21 1.43669e-24 8.93963e-21 0.997323
10.2 0.00175569 0.000127549 6.00549e-21 8.72781e-25 6.00549e-21 0.998117
10.32 0.00121192 0.000127547 3.99658e-21 5.53726e-25 3.99658e-21 0.998661
10.44 0.000843179 0.000127553 2.63523e-21 3.73205e-25 2.63523e-21 0.999029
10.56 0.000595626 0.000127561 1.72197e-21 2.71067e-25 1.72197e-21 0.999277
10.68 0.000431052 0.000127568 1.11533e-21 2.13281e-25 1.11533e-21 0.999441
10.8 0.000322688 0.000127573 7.16236e-22 1.80595e-25 7.16236e-22 0.99955
10.92 0.000252002 0.000127578 4.56167e-22 1.62114e-25 4.56167e-22 0.99962
11.04 0.000206319 0.000127581 2.88274e-22 1.51673e-25 2.88274e-22 0.999666
11.16 0.000177072 0.000127583 1.80912e-22 1.45783e-25 1.80912e-22 0.999695
11.28 0.000158537 0.000127584 1.12959e-22 1.42467e-25 1.12959e-22 0.999714
11.4 0.000146939 0.000127585 7.04975e-23 1.40609e-25 7.04975e-23 0.999725
11.52 0.000139829 0.000127586 4.45028e-23 1.39579e-25 4.45028e-23 0.999733
11.64 0.000135655 0.000127586 2.92623e-23 1.39024e-25 2.92623e-23 0.999737
11.76 0.000133481 0.000127586 2.13317e-23 1.38754e-25 2.13317e-23 0.999739
11.88 0.000132809 0.000127587 1.88799e-23 1.38673e-25 1.88799e-23 0.99974
