0 0.000141944 0.000127586 5.2438e-23 1.39568e-25 5.2438e-23 0.999731
0.12 0.000143716 0.000127585 5.89598e-23 1.39817e-25 5.89598e-23 0.999729
0.24 0.000149394 0.000127585 7.98698e-23 1.40648e-25 7.98698e-23 0.999723
0.36 0.000160171 0.000127584 1.1959e-22 1.42341e-25 1.1959e-22 0.999712
0.48 0.000178279 0.000127583 1.86385e-22 1.45463e-25 1.86385e-22 0.999694
0.6 0.000207358 0.00012758 2.93759e-22 1.5106e-25 2.93759e-22 0.999665
0.72 0.000253055 0.000127577 4.62661e-22 1.60997e-25 4.62661e-22 0.999619
0.84 0.000323893 0.000127572 7.24738e-22 1.78575e-25 7.24738e-22 0.999548
0.96 0.000432522 0.000127566 1.12698e-21 2.09623e-25 1.12698e-21 0.99944
1.08 0.000597452 0.000127558 1.73818e-21 2.6442e-25 1.73818e-21 0.999275
1.2 0.000845429 0.000127549 2.65782e-21 3.61096e-25 2.65782e-21 0.999027
1.32 0.00121462 0.00012754 4.02789e-21 5.31629e-25 4.02789e-21 0.998658
1.44 0.0017588 0.000127536 6.04857e-21 8.32419e-25 6.04857e-21 0.998114
1.56 0.00255279 0.000127546 8.99843e-21 1.36293e-24 8.99843e-21 0.99732
1.68 0.00369926 0.00012759 1.326e-20 2.29853e-24 1.326e-20 0.996173
1.8 0.00533725 0.000127706 1.93514e-20 3.9482e-24 1.93514e-20 0.994535
1.92 0.00765238 0.000127965 2.79645e-20 6.85594e-24 2.79645e-20 0.99222
2.04 0.0108888 0.000128501 4.00095e-20 1.19782e-23 4.00095e-20 0.988983
2.16 0.0153624 0.000129553 5.66653e-20 2.09935e-23 5.66653e-20 0.984508
2.28 0.0214755 0.000131553 7.94323e-20 3.68402e-23 7.94323e-20 0.978393
2.4 0.0297302 0.00013526 1.10184e-19 6.46449e-23 1.10184e-19 0.970135
2.52 0.0407394 0.000142008 1.5121e-19 1.13314e-22 1.5121e-19 0.959119
2.64 0.0552315 0.000154104 2.05229e-19 1.98237e-22 2.05229e-19 0.944615
2.76 0.0740417 0.000175516 2.75362e-19 3.45822e-22 2.75362e-19 0.925783
2.88 0.0980827 0.000212994 3.65019e-19 6.01017e-22 3.65019e-19 0.901704
3 0.128283 0.000277902 4.77674e-19 1.03957e-21 4.77674e-19 0.871439
3.12 0.165481 0.000389162 6.16468e-19 1.7877e-21 6.16468e-19 0.83413
3.24 0.210273 0.000577909 7.83636e-19 3.05303e-21 7.83636e-19 0.789149
3.36 0.262812 0.000894769 9.79769e-19 5.17273e-21 9.79769e-19 0.736293
3.48 0.322598 0.00142121 1.20302e-18 8.68759e-21 1.20302e-18 0.675981
3.6 0.388305 0.00228749 1.44845e-18 1.44576e-20 1.44845e-18 0.609407
3.72 0.457723 0.00370201 1.70784e-18 2.38485e-20 1.70784e-18 0.538575
3.84 0.527852 0.00600274 1.96999e-18 3.9055e-20 1.96999e-18 0.466145
3.96 0.595159 0.00975517 2.22173e-18 6.37176e-20 2.22173e-18 0.395086
4.08 0.655851 0.015958 2.44887e-18 1.04233e-19 2.44887e-18 0.328191
4.2 0.705911 0.0265091 2.63642e-18 1.72779e-19 2.63642e-18 0.26758
4.32 0.740424 0.0452988 2.766e-18 2.94582e-19 2.766e-18 0.214277
4.44 0.751428 0.0806502 2.80782e-18 5.24533e-19 2.80782e-18 0.167922
4.56 0.723819 0.149485 2.70539e-18 9.76848e-19 2.70539e-18 0.126696
4.68 0.634138 0.27769 2.37093e-18 1.83329e-18 2.37093e-18 0.0881726
4.8 0.473635 0.473634 1.77151e-18 3.17468e-18 1.77151e-18 0.0527311
4.92 0.293326 0.680609 1.09766e-18 4.65232e-18 1.09766e-18 0.0260653
5.04 0.1612 0.827502 6.03623e-19 5.79525e-18 6.03623e-19 0.0112984
5.16 0.0863867 0.908872 3.23738e-19 6.55145e-18 3.23738e-19 0.00474176
5.28 0.0475354 0.950396 1.78288e-19 7.07481e-18 1.78288e-19 0.00206825
5.4 0.0272213 0.971808 1.0217e-19 7.47527e-18 1.0217e-19 0.000970591
5.52 0.0163114 0.98319 6.12513e-20 7.79051e-18 6.12513e-20 0.000498518
5.64 0.0105302 0.98918 3.95494e-20 8.01685e-18 3.95494e-20 0.000289616
5.76 0.00792905 0.991864 2.97748e-20 8.13652e-18 2.97748e-20 0.000207374
5.88 0.00770852 0.992087 2.8932e-20 8.13597e-18 2.8932e-20 0.000204593
6 0.00977485 0.989946 3.6659e-20 8.01564e-18 3.6659e-20 0.00027902
6.12 0.0146914 0.984838 5.50409e-20 7.79035e-18 5.50409e-20 0.000470962
6.24 0.0239857 0.975114 8.97464e-20 7.4805e-18 8.97464e-20 0.000899919
6.36 0.0410544 0.957064 1.53382e-19 7.09613e-18 1.53382e-19 0.00188213
6.48 0.0732216 0.922528 2.73131e-19 6.6134e-18 2.73131e-19 0.00425093
6.6 0.13513 0.854774 5.03327e-19 5.94402e-18 5.03327e-19 0.0100968
6.72 0.248297 0.727955 9.2376e-19 4.93418e-18 9.2376e-19 0.0237485
6.84 0.416754 0.532957 1.54914e-18 3.53892e-18 1.54914e-18 0.0502898
6.96 0.586052 0.325439 2.17708e-18 2.12686e-18 2.17708e-18 0.0885087
7.08 0.691569 0.1772 2.5678e-18 1.14518e-18 2.5678e-18 0.131231
7.2 0.729333 0.094674 2.7069e-18 6.08155e-19 2.7069e-18 0.175993
7.32 0.722835 0.0522776 2.68179e-18 3.35311e-19 2.68179e-18 0.224887
7.44 0.689911 0.0300947 2.55875e-18 1.93233e-19 2.55875e-18 0.279994
7.56 0.640287 0.0178728 2.37392e-18 1.14896e-19 2.37392e-18 0.34184
7.68 0.579764 0.0108073 2.14882e-18 6.94232e-20 2.14882e-18 0.409428
7.8 0.512785 0.00659006 1.89996e-18 4.21441e-20 1.89996e-18 0.480625
7.92 0.443323 0.00403197 1.64206e-18 2.55218e-20 1.64206e-18 0.552645
8.04 0.374941 0.00247301 1.3883e-18 1.53578e-20 1.3883e-18 0.622586
8.16 0.310567 0.00152535 1.14954e-18 9.16659e-21 1.14954e-18 0.687907
8.28 0.252296 0.000953121 9.335e-19 5.42422e-21 9.335e-19 0.746751
8.4 0.201325 0.000610584 7.44596e-19 3.18317e-21 7.44596e-19 0.798065
8.52 0.158048 0.000407484 5.84264e-19 1.854e-21 5.84264e-19 0.841545
8.64 0.122237 0.000288216 4.51635e-19 1.07279e-21 4.51635e-19 0.877475
8.76 0.093255 0.00021884 3.44333e-19 6.17341e-22 3.44333e-19 0.906526
8.88 0.0702493 0.000178862 2.59185e-19 3.53664e-22 2.59185e-19 0.929572
9 0.0522956 0.000156042 1.92756e-19 2.01896e-22 1.92756e-19 0.947548
9.12 0.0384967 0.000143148 1.41717e-19 1.14954e-22 1.41717e-19 0.96136
9.24 0.0280382 0.000135942 1.03047e-19 6.53358e-23 1.03047e-19 0.971826
9.36 0.0202141 0.000131968 7.4128e-20 3.71011e-23 7.4128e-20 0.979654
9.48 0.0144326 0.00012981 5.27671e-20 2.10699e-23 5.27671e-20 0.985438
9.6 0.0102109 0.000128662 3.71758e-20 1.19825e-23 3.71758e-20 0.98966
9.72 0.0071635 0.000128068 2.59263e-20 6.83712e-24 2.59263e-20 0.992708
9.84 0.00498838 0.000127772 1.79007e-20 3.92594e-24 1.79007e-20 0.994884
9.96 0.00345286 0.000127633 1.2238e-20 2.27961e-24 1.2238e-20 0.99642
10.08 0.00238053 0.000127574 8.28564e-21 1.3488e-24 8.28564e-21 0.997492
10.2 0.00163957 0.000127554 5.55632e-21 8.22576e-25 5.55632e-21 0.998233
10.32 0.00113288 0.000127552 3.6912e-21 5.25076e-25 3.6912e-21 0.99874
10.44 0.000789916 0.000127557 2.42966e-21 3.56874e-25 2.42966e-21 0.999083
10.56 0.000560078 0.000127563 1.58492e-21 2.61771e-25 1.58492e-21 0.999312
10.68 0.000407551 0.00012757 1.02482e-21 2.07999e-25 1.02482e-21 0.999465
10.8 0.000307293 0.000127575 6.57019e-22 1.776e-25 6.57019e-22 0.999565
10.92 0.000242006 0.000127578 4.17763e-22 1.60422e-25 4.17763e-22 0.99963
11.04 0.000199883 0.000127581 2.63577e-22 1.50721e-25 2.63577e-22 0.999673
11.16 0.000172959 0.000127583 1.6515e-22 1.4525e-25 1.6515e-22 0.999699
11.28 0.000155923 0.000127585 1.02959e-22 1.42172e-25 1.02959e-22 0.999716
11.4 0.000145281 0.000127585 6.41622e-23 1.40447e-25 6.41622e-23 0.999727
11.52 0.000138766 0.000127586 4.04501e-23 1.39491e-25 4.04501e-23 0.999734
11.64 0.000134948 0.000127586 2.65704e-23 1.38977e-25 2.65704e-23 0.999737
11.76 0.000132962 0.000127587 1.93595e-23 1.38726e-25 1.93595e-23 0.999739
11.88 0.000132349 0.000127587 1.71345e-23 1.38651e-25 1.71345e-23 0.99974
