0 0.000140603 0.000127586 4.73407e-23 1.39474e-25 4.73407e-23 0.999732
0.12 0.000142209 0.000127586 5.3229e-23 1.39703e-25 5.3229e-23 0.99973
0.24 0.00014737 0.000127585 7.21654e-23 1.40468e-25 7.21654e-23 0.999725
0.36 0.000157191 0.000127584 1.08224e-22 1.42027e-25 1.08224e-22 0.999715
0.48 0.000173729 0.000127583 1.69006e-22 1.44907e-25 1.69006e-22 0.999699
0.6 0.000200347 0.000127581 2.66943e-22 1.50077e-25 2.66943e-22 0.999672
0.72 0.000242272 0.000127578 4.21363e-22 1.59266e-25 4.21363e-22 0.99963
0.84 0.000307411 0.000127574 6.61532e-22 1.75542e-25 6.61532e-22 0.999565
0.96 0.000407528 0.000127568 1.03101e-21 2.04325e-25 1.03101e-21 0.999465
1.08 0.000559879 0.000127561 1.59375e-21 2.5519e-25 1.59375e-21 0.999313
1.2 0.000789468 0.000127553 2.44246e-21 3.45046e-25 2.44246e-21 0.999083
1.32 0.00113206 0.000127546 3.70981e-21 5.03761e-25 3.70981e-21 0.99874
1.44 0.0016382 0.000127543 5.58338e-21 7.8409e-25 5.58338e-21 0.998234
1.56 0.00237835 0.000127554 8.32487e-21 1.27921e-24 8.32487e-21 0.997494
1.68 0.00344955 0.000127598 1.22947e-20 2.15365e-24 1.22947e-20 0.996423
1.8 0.0049835 0.000127711 1.79823e-20 3.69778e-24 1.79823e-20 0.994889
1.92 0.00715656 0.000127962 2.60432e-20 6.42367e-24 2.60432e-20 0.992716
2.04 0.0102013 0.000128478 3.73425e-20 1.12333e-23 3.73425e-20 0.98967
2.16 0.0144198 0.000129488 5.30038e-20 1.97125e-23 5.30038e-20 0.985451
2.28 0.0201977 0.000131405 7.44621e-20 3.46433e-23 7.44621e-20 0.979671
2.4 0.0280182 0.00013496 1.03516e-19 6.08904e-23 1.03516e-19 0.971847
2.52 0.0384739 0.000141433 1.42372e-19 1.06926e-22 1.42372e-19 0.961385
2.64 0.0522721 0.000153047 1.93666e-19 1.87429e-22 1.93666e-19 0.947575
2.76 0.0702299 0.000173632 2.60441e-19 3.27665e-22 2.60441e-19 0.929597
2.88 0.0932485 0.000209724 3.46058e-19 5.70782e-22 3.46058e-19 0.906542
3 0.122258 0.000272358 4.53987e-19 9.89768e-22 4.53987e-19 0.87747
3.12 0.158119 0.000379975 5.87446e-19 1.70673e-21 5.87446e-19 0.841501
3.24 0.201481 0.000563035 7.48861e-19 2.92349e-21 7.48861e-19 0.797956
3.36 0.252584 0.000871272 9.3915e-19 4.96928e-21 9.3915e-19 0.746545
3.48 0.311051 0.00138507 1.15693e-18 8.37485e-21 1.15693e-18 0.687564
3.6 0.375703 0.00223348 1.39783e-18 1.39882e-20 1.39783e-18 0.622064
3.72 0.444468 0.00362374 1.65415e-18 2.31619e-20 1.65415e-18 0.551908
3.84 0.514452 0.00589282 1.91514e-18 3.80764e-20 1.91514e-18 0.479655
3.96 0.582157 0.00960551 2.16777e-18 6.23556e-20 2.16777e-18 0.408237
4.08 0.643747 0.0157595 2.39776e-18 1.02368e-19 2.39776e-18 0.340494
4.2 0.695099 0.0262491 2.58973e-18 1.70223e-19 2.58973e-18 0.278652
4.32 0.73117 0.0449539 2.72488e-18 2.9096e-19 2.72488e-18 0.223876
4.44 0.743912 0.0801667 2.77318e-18 5.18991e-19 2.77318e-18 0.175921
4.56 0.718227 0.148752 2.67829e-18 9.67499e-19 2.67829e-18 0.133021
4.68 0.630685 0.276573 2.3527e-18 1.81693e-18 2.3527e-18 0.0927428
4.8 0.472224 0.472223 1.76237e-18 3.14883e-18 1.76237e-18 0.0555537
4.92 0.293181 0.679328 1.09483e-18 4.61865e-18 1.09483e-18 0.0274904
5.04 0.161493 0.826589 6.03557e-19 5.75738e-18 6.03557e-19 0.0119179
5.16 0.0867528 0.908249 3.24551e-19 6.51197e-18 3.24551e-19 0.004998
5.28 0.047869 0.949954 1.79277e-19 7.03592e-18 1.79277e-19 0.00217702
5.4 0.0274929 0.971488 1.03069e-19 7.43965e-18 1.03069e-19 0.00101958
5.52 0.0165099 0.982969 6.1944e-20 7.76145e-18 6.1944e-20 0.000521675
5.64 0.0106499 0.98905 3.99779e-20 7.99783e-18 3.99779e-20 0.000300229
5.76 0.00796587 0.991824 2.99084e-20 8.1303e-18 2.99084e-20 0.000210605
5.88 0.00765894 0.992139 2.87528e-20 8.14363e-18 2.87528e-20 0.000201887
6 0.00963402 0.990097 3.61532e-20 8.03623e-18 3.61532e-20 0.000269235
6.12 0.0144501 0.985101 5.41892e-20 7.82121e-18 5.41892e-20 0.000449466
6.24 0.0236243 0.975521 8.85072e-20 7.51835e-18 8.85072e-20 0.000854676
6.36 0.0405279 0.95769 1.51655e-19 7.13802e-18 1.51655e-19 0.00178242
6.48 0.0724352 0.923548 2.70701e-19 6.65752e-18 2.70701e-19 0.00401714
6.6 0.133932 0.856538 4.99909e-19 5.98998e-18 4.99909e-19 0.00953026
6.72 0.246691 0.730882 9.1986e-19 4.98177e-18 9.1986e-19 0.0224271
6.84 0.415617 0.536766 1.54858e-18 3.58363e-18 1.54858e-18 0.0476168
6.96 0.587112 0.328764 2.18636e-18 2.15984e-18 2.18636e-18 0.0841242
7.08 0.69552 0.179324 2.58894e-18 1.16473e-18 2.58894e-18 0.125156
7.2 0.735774 0.0958953 2.73777e-18 6.19019e-19 2.73777e-18 0.16833
7.32 0.731276 0.0530031 2.72013e-18 3.41652e-19 2.72013e-18 0.215721
7.44 0.69999 0.0305575 2.60295e-18 1.97232e-19 2.60295e-18 0.269452
7.56 0.651656 0.0181843 2.42249e-18 1.17561e-19 2.42249e-18 0.33016
7.68 0.592001 0.0110217 2.20008e-18 7.12423e-20 2.20008e-18 0.396977
7.8 0.525392 0.00673773 1.95196e-18 4.33873e-20 1.95196e-18 0.46787
7.92 0.455774 0.00413229 1.69281e-18 2.63616e-20 1.69281e-18 0.540094
8.04 0.386752 0.00253981 1.43601e-18 1.5915e-20 1.43601e-18 0.610708
8.16 0.321359 0.00156884 1.19282e-18 9.52888e-21 1.19282e-18 0.677072
8.28 0.261825 0.000980787 9.71503e-19 5.65513e-21 9.71503e-19 0.737194
8.4 0.209489 0.000627795 7.7701e-19 3.32761e-21 7.7701e-19 0.789883
8.52 0.164859 0.000417966 6.11208e-19 1.94285e-21 6.11208e-19 0.834723
8.64 0.127789 0.000294471 4.73535e-19 1.12666e-21 4.73535e-19 0.871916
8.76 0.0976914 0.000222498 3.61788e-19 6.49615e-22 3.61788e-19 0.902086
8.88 0.0737321 0.000180958 2.72859e-19 3.72802e-22 2.72859e-19 0.926087
9 0.0549873 0.000157217 2.03304e-19 2.13151e-22 2.03304e-19 0.944856
9.12 0.0405476 0.000143789 1.4974e-19 1.21529e-22 1.4974e-19 0.959309
9.24 0.0295804 0.00013628 1.09071e-19 6.9156e-23 1.09071e-19 0.970283
9.36 0.0213593 0.000132138 7.85951e-20 3.93114e-23 7.85951e-20 0.978509
9.48 0.015273 0.00012989 5.6041e-20 2.23446e-23 5.6041e-20 0.984597
9.6 0.0108206 0.000128695 3.95478e-20 1.27156e-23 3.95478e-20 0.989051
9.72 0.0076009 0.000128078 2.76258e-20 7.25792e-24 2.76258e-20 0.992271
9.84 0.00529873 0.000127771 1.91051e-20 4.16708e-24 1.91051e-20 0.994574
9.96 0.00367071 0.000127628 1.30825e-20 2.41762e-24 1.30825e-20 0.996202
10.08 0.00253184 0.000127569 8.87155e-21 1.42769e-24 8.87155e-21 0.997341
10.2 0.00174358 0.000127549 5.95864e-21 8.67629e-25 5.95864e-21 0.998129
10.32 0.00120366 0.000127548 3.96467e-21 5.50778e-25 3.96467e-21 0.998669
10.44 0.000837603 0.000127554 2.61371e-21 3.7152e-25 2.61371e-21 0.999035
10.56 0.000591897 0.000127561 1.70759e-21 2.70105e-25 1.70759e-21 0.999281
10.68 0.000428582 0.000127568 1.10581e-21 2.12733e-25 1.10581e-21 0.999444
10.8 0.000321066 0.000127573 7.09997e-22 1.80284e-25 7.09997e-22 0.999551
10.92 0.000250947 0.000127578 4.52113e-22 1.61938e-25 4.52113e-22 0.999621
11.04 0.000205639 0.000127581 2.85662e-22 1.51574e-25 2.85662e-22 0.999667
11.16 0.000176636 0.000127583 1.79242e-22 1.45727e-25 1.79242e-22 0.999696
11.28 0.000158259 0.000127584 1.11897e-22 1.42436e-25 1.11897e-22 0.999714
11.4 0.000146763 0.000127585 6.98235e-23 1.40592e-25 6.98235e-23 0.999726
11.52 0.000139716 0.000127586 4.40709e-23 1.3957e-25 4.40709e-23 0.999733
11.64 0.00013558 0.000127586 2.89751e-23 1.39019e-25 2.89751e-23 0.999737
11.76 0.000133426 0.000127586 2.11211e-23 1.38751e-25 2.11211e-23 0.999739
11.88 0.00013276 0.000127587 1.86936e-23 1.38671e-25 1.86936e-23 0.99974
