0 0.000140341 0.000127586 4.63413e-23 1.39456e-25 4.63413e-23 0.999732
0.12 0.000141914 0.000127586 5.21054e-23 1.39681e-25 5.21054e-23 0.99973
0.24 0.000146974 0.000127585 7.06525e-23 1.40433e-25 7.06525e-23 0.999725
0.36 0.000156605 0.000127584 1.05986e-22 1.41966e-25 1.05986e-22 0.999716
0.48 0.000172832 0.000127583 1.65572e-22 1.44799e-25 1.65572e-22 0.9997
0.6 0.00019896 0.000127581 2.61626e-22 1.49884e-25 2.61626e-22 0.999673
0.72 0.00024013 0.000127578 4.13144e-22 1.58925e-25 4.13144e-22 0.999632
0.84 0.000304125 0.000127574 6.48905e-22 1.74941e-25 6.48905e-22 0.999568
0.96 0.000402526 0.000127569 1.01177e-21 2.0327e-25 1.01177e-21 0.99947
1.08 0.000552332 0.000127562 1.56468e-21 2.53344e-25 1.56468e-21 0.99932
1.2 0.000778184 0.000127554 2.39895e-21 3.41823e-25 2.39895e-21 0.999094
1.32 0.00111535 0.000127547 3.64531e-21 4.98142e-25 3.64531e-21 0.998757
1.44 0.0016137 0.000127544 5.48871e-21 7.74306e-25 5.48871e-21 0.998259
1.56 0.0023428 0.000127556 8.1873e-21 1.26219e-24 8.1873e-21 0.99753
1.68 0.00339846 0.0001276 1.20968e-20 2.12408e-24 1.20968e-20 0.996474
1.8 0.00491088 0.000127713 1.77006e-20 3.64647e-24 1.77006e-20 0.994961
1.92 0.0070544 0.000127962 2.56466e-20 6.33476e-24 2.56466e-20 0.992818
2.04 0.0100592 0.000128473 3.679e-20 1.10795e-23 3.679e-20 0.989812
2.16 0.0142242 0.000129475 5.22426e-20 1.94469e-23 5.22426e-20 0.985646
2.28 0.0199317 0.000131375 7.34252e-20 3.41861e-23 7.34252e-20 0.979937
2.4 0.0276606 0.000134898 1.0212e-19 6.0106e-23 1.0212e-19 0.972204
2.52 0.0379989 0.000141312 1.40516e-19 1.05586e-22 1.40516e-19 0.96186
2.64 0.0516496 0.000152825 1.91228e-19 1.85152e-22 1.91228e-19 0.948197
2.76 0.0694253 0.000173235 2.57285e-19 3.23823e-22 2.57285e-19 0.930401
2.88 0.0922243 0.000209032 3.42032e-19 5.64356e-22 3.42032e-19 0.907567
3 0.120976 0.000271179 4.48938e-19 9.79132e-22 4.48938e-19 0.878752
3.12 0.156547 0.00037801 5.81235e-19 1.68936e-21 5.81235e-19 0.843075
3.24 0.199595 0.000559835 7.41386e-19 2.89553e-21 7.41386e-19 0.799845
3.36 0.25038 0.000866188 9.30378e-19 4.92511e-21 9.30378e-19 0.748753
3.48 0.308552 0.0013772 1.14693e-18 8.30651e-21 1.14693e-18 0.690071
3.6 0.37296 0.00222164 1.38678e-18 1.38849e-20 1.38678e-18 0.624818
3.72 0.441567 0.00360644 1.64237e-18 2.30097e-20 1.64237e-18 0.554826
3.84 0.511503 0.00586834 1.90303e-18 3.78576e-20 1.90303e-18 0.482628
3.96 0.57928 0.00957187 2.15579e-18 6.20483e-20 2.15579e-18 0.411148
4.08 0.641054 0.0157144 2.38634e-18 1.01943e-19 2.38634e-18 0.343232
4.2 0.692681 0.0261895 2.57924e-18 1.69635e-19 2.57924e-18 0.281129
4.32 0.729092 0.0448739 2.7156e-18 2.90119e-19 2.7156e-18 0.226034
4.44 0.742218 0.0800538 2.76533e-18 5.17701e-19 2.76533e-18 0.177728
4.56 0.716964 0.148581 2.67211e-18 9.65329e-19 2.67211e-18 0.134455
4.68 0.629902 0.276315 2.34852e-18 1.81317e-18 2.34852e-18 0.0937827
4.8 0.4719 0.471902 1.76025e-18 3.14294e-18 1.76025e-18 0.0561979
4.92 0.293143 0.67904 1.09415e-18 4.61102e-18 1.09415e-18 0.0278164
5.04 0.161554 0.826386 6.03507e-19 5.74882e-18 6.03507e-19 0.0120597
5.16 0.0868314 0.908112 3.24712e-19 6.50303e-18 3.24712e-19 0.00505663
5.28 0.0479416 0.949856 1.79486e-19 7.02708e-18 1.79486e-19 0.00220188
5.4 0.0275528 0.971416 1.03265e-19 7.43149e-18 1.03265e-19 0.00103078
5.52 0.0165545 0.982918 6.20982e-20 7.75468e-18 6.20982e-20 0.000526981
5.64 0.0106777 0.989019 4.00771e-20 7.99323e-18 4.00771e-20 0.00030269
5.76 0.00797619 0.991812 2.99457e-20 8.1285e-18 2.99457e-20 0.000211411
5.88 0.00765125 0.992147 2.87251e-20 8.14492e-18 2.87251e-20 0.000201389
6 0.00960804 0.990124 3.60603e-20 8.04042e-18 3.60603e-20 0.000267222
6.12 0.0144056 0.985149 5.40332e-20 7.82774e-18 5.40332e-20 0.000444999
6.24 0.0235604 0.975594 8.82926e-20 7.52647e-18 8.82926e-20 0.000845308
6.36 0.0404428 0.957795 1.51389e-19 7.14702e-18 1.51389e-19 0.00176192
6.48 0.0723247 0.923706 2.70399e-19 6.66685e-18 2.70399e-19 0.0039694
6.6 0.133795 0.856791 4.99628e-19 5.99929e-18 4.99628e-19 0.00941479
6.72 0.246564 0.73128 9.19847e-19 4.99074e-18 9.19847e-19 0.0221558
6.84 0.415668 0.537276 1.54959e-18 3.59142e-18 1.54959e-18 0.0470564
6.96 0.587609 0.329212 2.18941e-18 2.16533e-18 2.18941e-18 0.0831786
7.08 0.696564 0.17962 2.59428e-18 1.16797e-18 2.59428e-18 0.123817
7.2 0.737305 0.0960756 2.74504e-18 6.20867e-19 2.74504e-18 0.166619
7.32 0.733223 0.0531185 2.72896e-18 3.4278e-19 2.72896e-18 0.213659
7.44 0.702295 0.0306368 2.61306e-18 1.97978e-19 2.61306e-18 0.267068
7.56 0.654253 0.0182411 2.43359e-18 1.18079e-19 2.43359e-18 0.327506
7.68 0.594803 0.0110627 2.21182e-18 7.16081e-20 2.21182e-18 0.394135
7.8 0.528288 0.00676697 1.96392e-18 4.3644e-20 1.96392e-18 0.464945
7.92 0.458645 0.0041527 1.70453e-18 2.65386e-20 1.70453e-18 0.537202
8.04 0.389487 0.00255369 1.44707e-18 1.60344e-20 1.44707e-18 0.607959
8.16 0.323868 0.00157803 1.20289e-18 9.60762e-21 1.20289e-18 0.674554
8.28 0.26405 0.000986711 9.80383e-19 5.70589e-21 9.80383e-19 0.734963
8.4 0.211402 0.00063152 7.84611e-19 3.35968e-21 7.84611e-19 0.787967
8.52 0.16646 0.000420253 6.17547e-19 1.96275e-21 6.17547e-19 0.83312
8.64 0.129099 0.000295845 4.78704e-19 1.13882e-21 4.78704e-19 0.870606
8.76 0.0987408 0.000223306 3.6592e-19 6.56943e-22 3.6592e-19 0.901036
8.88 0.0745583 0.000181422 2.76104e-19 3.77173e-22 2.76104e-19 0.92526
9 0.0556274 0.000157478 2.05814e-19 2.15735e-22 2.05814e-19 0.944215
9.12 0.0410366 0.000143931 1.51655e-19 1.23046e-22 1.51655e-19 0.958819
9.24 0.029949 0.000136355 1.10512e-19 7.00419e-23 1.10512e-19 0.969915
9.36 0.0216338 0.000132175 7.96663e-20 3.98262e-23 7.96663e-20 0.978234
9.48 0.015475 0.000129907 5.6828e-20 2.26427e-23 5.6828e-20 0.984395
9.6 0.0109675 0.000128702 4.01194e-20 1.28878e-23 4.01194e-20 0.988904
9.72 0.00770652 0.000128079 2.80364e-20 7.35711e-24 2.80364e-20 0.992165
9.84 0.00537386 0.000127771 1.93969e-20 4.22414e-24 1.93969e-20 0.994498
9.96 0.00372358 0.000127627 1.32875e-20 2.45039e-24 1.32875e-20 0.996149
10.08 0.00256866 0.000127567 9.01416e-21 1.44649e-24 9.01416e-21 0.997304
10.2 0.00176895 0.000127548 6.05681e-21 8.78404e-25 6.05681e-21 0.998104
10.32 0.00122097 0.000127547 4.03156e-21 5.56946e-25 4.03156e-21 0.998651
10.44 0.000849293 0.000127553 2.65884e-21 3.75047e-25 2.65884e-21 0.999023
10.56 0.000599716 0.00012756 1.73775e-21 2.72119e-25 1.73775e-21 0.999273
10.68 0.000433763 0.000127567 1.12577e-21 2.13881e-25 1.12577e-21 0.999439
10.8 0.000324468 0.000127573 7.23087e-22 1.80936e-25 7.23087e-22 0.999548
10.92 0.000253161 0.000127577 4.60622e-22 1.62308e-25 4.60622e-22 0.999619
11.04 0.000207068 0.000127581 2.91146e-22 1.51783e-25 2.91146e-22 0.999665
11.16 0.000177552 0.000127583 1.82749e-22 1.45844e-25 1.82749e-22 0.999695
11.28 0.000158842 0.000127584 1.14127e-22 1.42501e-25 1.14127e-22 0.999714
11.4 0.000147133 0.000127585 7.12396e-23 1.40628e-25 7.12396e-23 0.999725
11.52 0.000139954 0.000127586 4.49785e-23 1.39589e-25 4.49785e-23 0.999732
11.64 0.000135738 0.000127586 2.95789e-23 1.3903e-25 2.95789e-23 0.999737
11.76 0.000133542 0.000127586 2.15637e-23 1.38757e-25 2.15637e-23 0.999739
11.88 0.000132863 0.000127587 1.90852e-23 1.38675e-25 1.90852e-23 0.99974
