0 0.000140783 0.000127586 4.80271e-23 1.39487e-25 4.80271e-23 0.999732
0.12 0.000142411 0.000127586 5.40008e-23 1.39718e-25 5.40008e-23 0.99973
0.24 0.000147643 0.000127585 7.3204e-23 1.40492e-25 7.3204e-23 0.999725
0.36 0.000157593 0.000127584 1.0976e-22 1.42069e-25 1.0976e-22 0.999715
0.48 0.000174344 0.000127583 1.71359e-22 1.44982e-25 1.71359e-22 0.999698
0.6 0.000201298 0.000127581 2.70584e-22 1.5021e-25 2.70584e-22 0.999671
0.72 0.000243738 0.000127578 4.26986e-22 1.59501e-25 4.26986e-22 0.999629
0.84 0.000309658 0.000127574 6.70161e-22 1.75954e-25 6.70161e-22 0.999563
0.96 0.000410944 0.000127568 1.04415e-21 2.05047e-25 1.04415e-21 0.999461
1.08 0.000565029 0.000127561 1.61358e-21 2.56451e-25 1.61358e-21 0.999307
1.2 0.000797159 0.000127552 2.4721e-21 3.47245e-25 2.4721e-21 0.999075
1.32 0.00114344 0.000127545 3.7537e-21 5.07591e-25 3.7537e-21 0.998729
1.44 0.00165486 0.000127542 5.64774e-21 7.90753e-25 5.64774e-21 0.998218
1.56 0.00240252 0.000127553 8.41831e-21 1.29079e-24 8.41831e-21 0.99747
1.68 0.00348423 0.000127597 1.24289e-20 2.17374e-24 1.24289e-20 0.996388
1.8 0.00503276 0.000127711 1.81732e-20 3.7326e-24 1.81732e-20 0.99484
1.92 0.00722577 0.000127963 2.63118e-20 6.48395e-24 2.63118e-20 0.992646
2.04 0.0102975 0.000128481 3.77163e-20 1.13374e-23 3.77163e-20 0.989574
2.16 0.0145521 0.000129497 5.35182e-20 1.98921e-23 5.35182e-20 0.985319
2.28 0.0203774 0.000131426 7.51621e-20 3.49522e-23 7.51621e-20 0.979491
2.4 0.0282596 0.000135002 1.04458e-19 6.14199e-23 1.04458e-19 0.971606
2.52 0.0387941 0.000141514 1.43623e-19 1.0783e-22 1.43623e-19 0.961065
2.64 0.0526914 0.000153196 1.95307e-19 1.88962e-22 1.95307e-19 0.947155
2.76 0.0707714 0.0001739 2.62564e-19 3.30248e-22 2.62564e-19 0.929055
2.88 0.093937 0.00021019 3.48763e-19 5.75097e-22 3.48763e-19 0.905853
3 0.123118 0.00027315 4.57375e-19 9.96901e-22 4.57375e-19 0.876609
3.12 0.159173 0.000381293 5.91609e-19 1.71837e-21 5.91609e-19 0.840445
3.24 0.202744 0.000565176 7.53865e-19 2.94218e-21 7.53865e-19 0.796691
3.36 0.254058 0.000874669 9.45014e-19 4.99876e-21 9.45014e-19 0.745068
3.48 0.312721 0.00139032 1.16361e-18 8.42037e-21 1.16361e-18 0.685889
3.6 0.377532 0.00224136 1.40519e-18 1.40569e-20 1.40519e-18 0.620227
3.72 0.446399 0.00363522 1.66199e-18 2.32629e-20 1.66199e-18 0.549966
3.84 0.516412 0.00590904 1.92318e-18 3.82212e-20 1.92318e-18 0.477679
3.96 0.584066 0.00962774 2.17571e-18 6.25585e-20 2.17571e-18 0.406306
4.08 0.645531 0.0157892 2.40531e-18 1.02647e-19 2.40531e-18 0.33868
4.2 0.696698 0.0262883 2.59666e-18 1.70609e-19 2.59666e-18 0.277014
4.32 0.732543 0.0450063 2.731e-18 2.9151e-19 2.731e-18 0.222451
4.44 0.745029 0.0802405 2.77836e-18 5.19835e-19 2.77836e-18 0.17473
4.56 0.71906 0.148864 2.68235e-18 9.68919e-19 2.68235e-18 0.132076
4.68 0.6312 0.276742 2.35544e-18 1.8194e-18 2.35544e-18 0.0920586
4.8 0.472435 0.472434 1.76376e-18 3.15271e-18 1.76376e-18 0.0551302
4.92 0.293205 0.679519 1.09527e-18 4.62368e-18 1.09527e-18 0.0272763
5.04 0.161452 0.826723 6.03581e-19 5.76303e-18 6.03581e-19 0.0118248
5.16 0.0867001 0.90834 3.24441e-19 6.51786e-18 3.24441e-19 0.00495949
5.28 0.0478205 0.950019 1.79136e-19 7.04174e-18 1.79136e-19 0.00216068
5.4 0.0274531 0.971535 1.02939e-19 7.44501e-18 1.02939e-19 0.00101222
5.52 0.0164804 0.983002 6.18417e-20 7.76587e-18 6.18417e-20 0.000518191
5.64 0.0106316 0.98907 3.99129e-20 8.0008e-18 3.99129e-20 0.000298619
5.76 0.00795946 0.991831 2.98852e-20 8.1314e-18 2.98852e-20 0.000210089
5.88 0.00766472 0.992133 2.87737e-20 8.14269e-18 2.87737e-20 0.000202238
6 0.00965234 0.990077 3.62188e-20 8.03336e-18 3.62188e-20 0.000270601
6.12 0.0144815 0.985066 5.42995e-20 7.81681e-18 5.42995e-20 0.000452488
6.24 0.02367 0.975469 8.86621e-20 7.5129e-18 8.86621e-20 0.000861023
6.36 0.040591 0.957613 1.51856e-19 7.13199e-18 1.51856e-19 0.00179634
6.48 0.0725219 0.923429 2.70951e-19 6.65124e-18 2.70951e-19 0.00404962
6.6 0.13405 0.856341 5.00196e-19 5.98361e-18 5.00196e-19 0.00960888
6.72 0.246824 0.730564 9.20049e-19 4.97548e-18 9.20049e-19 0.0226114
6.84 0.415648 0.536357 1.54815e-18 3.57801e-18 1.54815e-18 0.047995
6.96 0.586838 0.328405 2.18455e-18 2.15581e-18 2.18455e-18 0.0847567
7.08 0.694864 0.17909 2.58554e-18 1.16234e-18 2.58554e-18 0.126046
7.2 0.734781 0.0957563 2.73304e-18 6.17671e-19 2.73304e-18 0.169463
7.32 0.730001 0.0529168 2.71435e-18 3.40843e-19 2.71435e-18 0.217082
7.44 0.698477 0.0304999 2.59631e-18 1.96706e-19 2.59631e-18 0.271023
7.56 0.64995 0.018144 2.41519e-18 1.17201e-19 2.41519e-18 0.331906
7.68 0.590162 0.0109931 2.19237e-18 7.09914e-20 2.19237e-18 0.398845
7.8 0.523492 0.00671757 1.94412e-18 4.32129e-20 1.94412e-18 0.46979
7.92 0.453893 0.00411835 1.68513e-18 2.62422e-20 1.68513e-18 0.541989
8.04 0.384962 0.0025304 1.42878e-18 1.58349e-20 1.42878e-18 0.612507
8.16 0.319719 0.00156265 1.18624e-18 9.47628e-21 1.18624e-18 0.678718
8.28 0.260374 0.000976811 9.6571e-19 5.62134e-21 9.6571e-19 0.73865
8.4 0.208242 0.000625304 7.72057e-19 3.30634e-21 7.72057e-19 0.791133
8.52 0.163816 0.00041644 6.07081e-19 1.92969e-21 6.07081e-19 0.835767
8.64 0.126937 0.000293556 4.70174e-19 1.11864e-21 4.70174e-19 0.872769
8.76 0.0970095 0.000221961 3.59104e-19 6.44789e-22 3.59104e-19 0.902769
8.88 0.0731958 0.00018065 2.70752e-19 3.69929e-22 2.70752e-19 0.926624
9 0.054572 0.000157044 2.01676e-19 2.11455e-22 2.01676e-19 0.945271
9.12 0.0402307 0.000143694 1.485e-19 1.20535e-22 1.485e-19 0.959626
9.24 0.0293416 0.00013623 1.08138e-19 6.85768e-23 1.08138e-19 0.970522
9.36 0.0211818 0.000132113 7.79022e-20 3.89753e-23 7.79022e-20 0.978686
9.48 0.0151425 0.000129878 5.55323e-20 2.21502e-23 5.55323e-20 0.984728
9.6 0.0107258 0.00012869 3.91786e-20 1.26036e-23 3.91786e-20 0.989146
9.72 0.00753274 0.000128076 2.73609e-20 7.19342e-24 2.73609e-20 0.992339
9.84 0.00525029 0.000127771 1.89171e-20 4.13003e-24 1.89171e-20 0.994622
9.96 0.00363665 0.000127629 1.29504e-20 2.39636e-24 1.29504e-20 0.996236
10.08 0.00250815 0.000127569 8.77976e-21 1.41551e-24 8.77976e-21 0.997364
10.2 0.00172727 0.00012755 5.89551e-21 8.60656e-25 5.89551e-21 0.998145
10.32 0.00119254 0.000127549 3.92168e-21 5.46791e-25 3.92168e-21 0.99868
10.44 0.000830098 0.000127554 2.58473e-21 3.69243e-25 2.58473e-21 0.999042
10.56 0.000586881 0.000127561 1.68824e-21 2.68807e-25 1.68824e-21 0.999286
10.68 0.000425261 0.000127568 1.09302e-21 2.11994e-25 1.09302e-21 0.999447
10.8 0.000318888 0.000127574 7.01615e-22 1.79864e-25 7.01615e-22 0.999554
10.92 0.00024953 0.000127578 4.46669e-22 1.617e-25 4.46669e-22 0.999623
11.04 0.000204725 0.000127581 2.82156e-22 1.5144e-25 2.82156e-22 0.999668
11.16 0.000176052 0.000127583 1.77001e-22 1.45652e-25 1.77001e-22 0.999696
11.28 0.000157887 0.000127584 1.10473e-22 1.42394e-25 1.10473e-22 0.999715
11.4 0.000146526 0.000127585 6.89205e-23 1.40569e-25 6.89205e-23 0.999726
11.52 0.000139564 0.000127586 4.34926e-23 1.39557e-25 4.34926e-23 0.999733
11.64 0.000135479 0.000127586 2.85906e-23 1.39012e-25 2.85906e-23 0.999737
11.76 0.000133352 0.000127586 2.08394e-23 1.38747e-25 2.08394e-23 0.999739
11.88 0.000132694 0.000127587 1.84442e-23 1.38668e-25 1.84442e-23 0.99974
