0 0.000140934 0.000127586 4.86023e-23 1.39497e-25 4.86023e-23 0.999732
0.12 0.000142581 0.000127586 5.46475e-23 1.39731e-25 5.46475e-23 0.99973
0.24 0.000147871 0.000127585 7.40742e-23 1.40512e-25 7.40742e-23 0.999725
0.36 0.00015793 0.000127584 1.11045e-22 1.42104e-25 1.11045e-22 0.999714
0.48 0.000174859 0.000127583 1.73328e-22 1.45045e-25 1.73328e-22 0.999698
0.6 0.000202093 0.000127581 2.73628e-22 1.50321e-25 2.73628e-22 0.99967
0.72 0.000244963 0.000127578 4.31683e-22 1.59697e-25 4.31683e-22 0.999627
0.84 0.000311535 0.000127573 6.77364e-22 1.76298e-25 6.77364e-22 0.999561
0.96 0.000413796 0.000127568 1.05511e-21 2.0565e-25 1.05511e-21 0.999459
1.08 0.000569324 0.00012756 1.6301e-21 2.57504e-25 1.6301e-21 0.999303
1.2 0.000803568 0.000127552 2.49678e-21 3.4908e-25 2.49678e-21 0.999069
1.32 0.00115291 0.000127544 3.79023e-21 5.10783e-25 3.79023e-21 0.998719
1.44 0.00166872 0.000127541 5.70127e-21 7.963e-25 5.70127e-21 0.998204
1.56 0.00242261 0.000127552 8.49595e-21 1.30042e-24 8.49595e-21 0.99745
1.68 0.00351304 0.000127596 1.25404e-20 2.19043e-24 1.25404e-20 0.996359
1.8 0.00507365 0.00012771 1.83316e-20 3.76152e-24 1.83316e-20 0.994799
1.92 0.00728319 0.000127963 2.65345e-20 6.53397e-24 2.65345e-20 0.992589
2.04 0.0103773 0.000128484 3.8026e-20 1.14238e-23 3.8026e-20 0.989494
2.16 0.0146616 0.000129505 5.39441e-20 2.00409e-23 5.39441e-20 0.985209
2.28 0.0205262 0.000131443 7.57412e-20 3.52079e-23 7.57412e-20 0.979342
2.4 0.0284592 0.000135037 1.05236e-19 6.18578e-23 1.05236e-19 0.971406
2.52 0.0390587 0.000141581 1.44657e-19 1.08576e-22 1.44657e-19 0.9608
2.64 0.0530377 0.00015332 1.96661e-19 1.90228e-22 1.96661e-19 0.946809
2.76 0.0712182 0.00017412 2.64315e-19 3.32379e-22 2.64315e-19 0.928608
2.88 0.0945047 0.000210574 3.50992e-19 5.78654e-22 3.50992e-19 0.905285
3 0.123827 0.000273803 4.60165e-19 1.00277e-21 4.60165e-19 0.875899
3.12 0.160041 0.000382377 5.95034e-19 1.72794e-21 5.95034e-19 0.839576
3.24 0.203782 0.000566936 7.57978e-19 2.95753e-21 7.57978e-19 0.795651
3.36 0.255269 0.000877457 9.49829e-19 5.02294e-21 9.49829e-19 0.743854
3.48 0.314091 0.00139462 1.16908e-18 8.45766e-21 1.16908e-18 0.684514
3.6 0.379031 0.00224781 1.41122e-18 1.4113e-20 1.41122e-18 0.618721
3.72 0.44798 0.00364461 1.6684e-18 2.33454e-20 1.6684e-18 0.548375
3.84 0.518015 0.00592228 1.92975e-18 3.83392e-20 1.92975e-18 0.476063
3.96 0.585626 0.00964584 2.1822e-18 6.27234e-20 2.1822e-18 0.404728
4.08 0.646987 0.0158133 2.41147e-18 1.02874e-19 2.41147e-18 0.3372
4.2 0.698001 0.0263201 2.6023e-18 1.70922e-19 2.6023e-18 0.275679
4.32 0.733661 0.0450487 2.73598e-18 2.91955e-19 2.73598e-18 0.22129
4.44 0.745939 0.0803 2.78256e-18 5.20517e-19 2.78256e-18 0.173761
4.56 0.719737 0.148954 2.68564e-18 9.70067e-19 2.68564e-18 0.131309
4.68 0.631618 0.276879 2.35766e-18 1.8214e-18 2.35766e-18 0.091503
4.8 0.472607 0.472606 1.76488e-18 3.15585e-18 1.76488e-18 0.0547865
4.92 0.293224 0.679673 1.09563e-18 4.62777e-18 1.09563e-18 0.0271026
5.04 0.161418 0.826833 6.03598e-19 5.76762e-18 6.03598e-19 0.0117493
5.16 0.0866568 0.908415 3.24348e-19 6.52265e-18 3.24348e-19 0.00492826
5.28 0.0477808 0.950072 1.7902e-19 7.04646e-18 1.7902e-19 0.00214743
5.4 0.0274205 0.971573 1.02832e-19 7.44935e-18 1.02832e-19 0.00100625
5.52 0.0164564 0.983028 6.17583e-20 7.76944e-18 6.17583e-20 0.000515366
5.64 0.0106169 0.989086 3.98603e-20 8.00318e-18 3.98603e-20 0.000297317
5.76 0.00795449 0.991836 2.98672e-20 8.13225e-18 2.98672e-20 0.000209678
5.88 0.00766984 0.992128 2.87922e-20 8.14187e-18 2.87922e-20 0.000202537
6 0.00966793 0.990061 3.62747e-20 8.03098e-18 3.62747e-20 0.000271736
6.12 0.0145083 0.985037 5.43935e-20 7.81318e-18 5.43935e-20 0.000454992
6.24 0.0237094 0.975424 8.87959e-20 7.50842e-18 8.87959e-20 0.000866284
6.36 0.0406464 0.957546 1.52034e-19 7.12704e-18 1.52034e-19 0.00180789
6.48 0.0726005 0.923323 2.71184e-19 6.64605e-18 2.71184e-19 0.00407663
6.6 0.134162 0.856164 5.00488e-19 5.97831e-18 5.00488e-19 0.00967428
6.72 0.24696 0.730275 9.20306e-19 4.97016e-18 9.20306e-19 0.0227645
6.84 0.41571 0.535983 1.54794e-18 3.57316e-18 1.54794e-18 0.0483076
6.96 0.586647 0.328077 2.18319e-18 2.15229e-18 2.18319e-18 0.0852764
7.08 0.694348 0.178878 2.58284e-18 1.16026e-18 2.58284e-18 0.126774
7.2 0.733982 0.0956318 2.72923e-18 6.16503e-19 2.72923e-18 0.170386
7.32 0.728969 0.0528408 2.70966e-18 3.40149e-19 2.70966e-18 0.21819
7.44 0.697249 0.03045 2.59092e-18 1.9626e-19 2.59092e-18 0.272301
7.56 0.648566 0.0181096 2.40928e-18 1.16898e-19 2.40928e-18 0.333325
7.68 0.588671 0.010969 2.18612e-18 7.0782e-20 2.18612e-18 0.40036
7.8 0.521954 0.00670069 1.93777e-18 4.30681e-20 1.93777e-18 0.471346
7.92 0.45237 0.00410675 1.67892e-18 2.61435e-20 1.67892e-18 0.543523
8.04 0.383515 0.0025226 1.42293e-18 1.57689e-20 1.42293e-18 0.613962
8.16 0.318394 0.00155753 1.18092e-18 9.43313e-21 1.18092e-18 0.680048
8.28 0.259202 0.000973538 9.61034e-19 5.5937e-21 9.61034e-19 0.739825
8.4 0.207236 0.000623258 7.68062e-19 3.28897e-21 7.68062e-19 0.79214
8.52 0.162976 0.00041519 6.03756e-19 1.91897e-21 6.03756e-19 0.836609
8.64 0.126251 0.000292808 4.67467e-19 1.11212e-21 4.67467e-19 0.873456
8.76 0.0964607 0.000221523 3.56944e-19 6.40869e-22 3.56944e-19 0.903318
8.88 0.0727644 0.000180398 2.69058e-19 3.67598e-22 2.69058e-19 0.927055
9 0.0542383 0.000156903 2.00368e-19 2.10081e-22 2.00368e-19 0.945605
9.12 0.039976 0.000143617 1.47504e-19 1.19731e-22 1.47504e-19 0.95988
9.24 0.02915 0.00013619 1.07389e-19 6.81085e-23 1.07389e-19 0.970714
9.36 0.0210393 0.000132093 7.73462e-20 3.87038e-23 7.73462e-20 0.978829
9.48 0.0150378 0.000129869 5.51244e-20 2.19934e-23 5.51244e-20 0.984832
9.6 0.0106497 0.000128686 3.88827e-20 1.25132e-23 3.88827e-20 0.989222
9.72 0.00747814 0.000128075 2.71487e-20 7.14146e-24 2.71487e-20 0.992394
9.84 0.00521151 0.000127772 1.87665e-20 4.1002e-24 1.87665e-20 0.994661
9.96 0.0036094 0.00012763 1.28447e-20 2.37926e-24 1.28447e-20 0.996263
10.08 0.0024892 0.00012757 8.70636e-21 1.40572e-24 8.70636e-21 0.997383
10.2 0.00171423 0.000127551 5.84505e-21 8.55059e-25 5.84505e-21 0.998158
10.32 0.00118366 0.000127549 3.88735e-21 5.43593e-25 3.88735e-21 0.998689
10.44 0.000824106 0.000127555 2.5616e-21 3.67418e-25 2.5616e-21 0.999048
10.56 0.000582879 0.000127562 1.67281e-21 2.67767e-25 1.67281e-21 0.99929
10.68 0.000422613 0.000127568 1.08282e-21 2.11402e-25 1.08282e-21 0.99945
10.8 0.000317152 0.000127574 6.94936e-22 1.79528e-25 6.94936e-22 0.999555
10.92 0.000248402 0.000127578 4.42334e-22 1.6151e-25 4.42334e-22 0.999624
11.04 0.000203998 0.000127581 2.79366e-22 1.51333e-25 2.79366e-22 0.999668
11.16 0.000175587 0.000127583 1.75219e-22 1.45592e-25 1.75219e-22 0.999697
11.28 0.000157592 0.000127584 1.09342e-22 1.42361e-25 1.09342e-22 0.999715
11.4 0.000146339 0.000127585 6.8203e-23 1.40551e-25 6.8203e-23 0.999726
11.52 0.000139444 0.000127586 4.30333e-23 1.39547e-25 4.30333e-23 0.999733
11.64 0.000135399 0.000127586 2.82854e-23 1.39007e-25 2.82854e-23 0.999737
11.76 0.000133293 0.000127586 2.06157e-23 1.38744e-25 2.06157e-23 0.999739
11.88 0.000132642 0.000127587 1.82463e-23 1.38665e-25 1.82463e-23 0.99974
