0 0.000140383 0.000127586 4.65027e-23 1.39459e-25 4.65027e-23 0.999732
0.12 0.000141962 0.000127586 5.22869e-23 1.39685e-25 5.22869e-23 0.99973
0.24 0.000147038 0.000127585 7.0897e-23 1.40439e-25 7.0897e-23 0.999725
0.36 0.0001567 0.000127584 1.06348e-22 1.41976e-25 1.06348e-22 0.999716
0.48 0.000172977 0.000127583 1.66127e-22 1.44816e-25 1.66127e-22 0.999699
0.6 0.000199184 0.000127581 2.62486e-22 1.49915e-25 2.62486e-22 0.999673
0.72 0.000240477 0.000127578 4.14474e-22 1.5898e-25 4.14474e-22 0.999632
0.84 0.000304657 0.000127574 6.5095e-22 1.75038e-25 6.5095e-22 0.999568
0.96 0.000403336 0.000127569 1.01489e-21 2.03441e-25 1.01489e-21 0.999469
1.08 0.000553555 0.000127562 1.5694e-21 2.53643e-25 1.5694e-21 0.999319
1.2 0.000780014 0.000127554 2.406e-21 3.42345e-25 2.406e-21 0.999092
1.32 0.00111806 0.000127547 3.65578e-21 4.99053e-25 3.65578e-21 0.998754
1.44 0.00161768 0.000127544 5.50408e-21 7.75893e-25 5.50408e-21 0.998255
1.56 0.00234857 0.000127556 8.20965e-21 1.26496e-24 8.20965e-21 0.997524
1.68 0.00340676 0.0001276 1.2129e-20 2.12888e-24 1.2129e-20 0.996466
1.8 0.00492268 0.000127712 1.77464e-20 3.65481e-24 1.77464e-20 0.99495
1.92 0.00707102 0.000127962 2.57111e-20 6.34922e-24 2.57111e-20 0.992801
2.04 0.0100823 0.000128474 3.68799e-20 1.11045e-23 3.68799e-20 0.989789
2.16 0.0142561 0.000129477 5.23665e-20 1.94902e-23 5.23665e-20 0.985614
2.28 0.019975 0.00013138 7.35942e-20 3.42605e-23 7.35942e-20 0.979893
2.4 0.0277189 0.000134908 1.02348e-19 6.02338e-23 1.02348e-19 0.972146
2.52 0.0380764 0.000141332 1.40818e-19 1.05804e-22 1.40818e-19 0.961782
2.64 0.0517511 0.000152861 1.91626e-19 1.85523e-22 1.91626e-19 0.948096
2.76 0.0695566 0.0001733 2.578e-19 3.2445e-22 2.578e-19 0.93027
2.88 0.0923915 0.000209145 3.4269e-19 5.65405e-22 3.4269e-19 0.907399
3 0.121186 0.000271371 4.49763e-19 9.8087e-22 4.49763e-19 0.878543
3.12 0.156804 0.000378331 5.8225e-19 1.6922e-21 5.8225e-19 0.842817
3.24 0.199904 0.000560358 7.42609e-19 2.90011e-21 7.42609e-19 0.799536
3.36 0.250741 0.000867021 9.31815e-19 4.93235e-21 9.31815e-19 0.748392
3.48 0.308961 0.00137849 1.14857e-18 8.31772e-21 1.14857e-18 0.689661
3.6 0.37341 0.00222358 1.38859e-18 1.39019e-20 1.38859e-18 0.624367
3.72 0.442043 0.00360929 1.6443e-18 2.30347e-20 1.6443e-18 0.554348
3.84 0.511988 0.00587237 1.90502e-18 3.78936e-20 1.90502e-18 0.48214
3.96 0.579753 0.00957741 2.15776e-18 6.20989e-20 2.15776e-18 0.41067
4.08 0.641497 0.0157218 2.38822e-18 1.02013e-19 2.38822e-18 0.342781
4.2 0.693079 0.0261993 2.58097e-18 1.69732e-19 2.58097e-18 0.280722
4.32 0.729434 0.0448872 2.71713e-18 2.90258e-19 2.71713e-18 0.225679
4.44 0.742497 0.0800725 2.76662e-18 5.17915e-19 2.76662e-18 0.17743
4.56 0.717172 0.14861 2.67313e-18 9.65688e-19 2.67313e-18 0.134218
4.68 0.630031 0.276358 2.34921e-18 1.81379e-18 2.34921e-18 0.0936111
4.8 0.471954 0.471955 1.7606e-18 3.14391e-18 1.7606e-18 0.0560916
4.92 0.29315 0.679088 1.09426e-18 4.61228e-18 1.09426e-18 0.0277626
5.04 0.161544 0.826419 6.03516e-19 5.75023e-18 6.03516e-19 0.0120363
5.16 0.0868185 0.908135 3.24686e-19 6.50451e-18 3.24686e-19 0.00504694
5.28 0.0479297 0.949872 1.79452e-19 7.02854e-18 1.79452e-19 0.00219778
5.4 0.0275429 0.971428 1.03232e-19 7.43284e-18 1.03232e-19 0.00102893
5.52 0.0165471 0.982926 6.20728e-20 7.7558e-18 6.20728e-20 0.000526105
5.64 0.0106731 0.989024 4.00607e-20 7.99399e-18 4.00607e-20 0.000302282
5.76 0.00797443 0.991814 2.99393e-20 8.1288e-18 2.99393e-20 0.000211276
5.88 0.00765243 0.992146 2.87293e-20 8.14472e-18 2.87293e-20 0.000201469
6 0.00961217 0.99012 3.6075e-20 8.03974e-18 3.6075e-20 0.000267549
6.12 0.0144127 0.985141 5.4058e-20 7.82668e-18 5.4058e-20 0.000445726
6.24 0.0235705 0.975583 8.83262e-20 7.52514e-18 8.83262e-20 0.000846831
6.36 0.0404559 0.957779 1.5143e-19 7.14555e-18 1.5143e-19 0.00176525
6.48 0.0723411 0.923682 2.70442e-19 6.66533e-18 2.70442e-19 0.00397714
6.6 0.133814 0.856753 4.99661e-19 5.99779e-18 4.99661e-19 0.00943352
6.72 0.246579 0.731222 9.19826e-19 4.98931e-18 9.19826e-19 0.0221999
6.84 0.415652 0.537201 1.54939e-18 3.5902e-18 1.54939e-18 0.0471477
6.96 0.58752 0.329146 2.18888e-18 2.16448e-18 2.18888e-18 0.0833334
7.08 0.696388 0.179576 2.59338e-18 1.16747e-18 2.59338e-18 0.124037
7.2 0.737051 0.0960484 2.74383e-18 6.20579e-19 2.74383e-18 0.166901
7.32 0.732901 0.0531008 2.7275e-18 3.42602e-19 2.7275e-18 0.213998
7.44 0.701914 0.0306244 2.61139e-18 1.97859e-19 2.61139e-18 0.267461
7.56 0.653824 0.0182321 2.43176e-18 1.17996e-19 2.43176e-18 0.327944
7.68 0.59434 0.0110562 2.20988e-18 7.1549e-20 2.20988e-18 0.394604
7.8 0.527809 0.00676226 1.96194e-18 4.36023e-20 1.96194e-18 0.465429
7.92 0.45817 0.0041494 1.70259e-18 2.65098e-20 1.70259e-18 0.53768
8.04 0.389034 0.00255144 1.44524e-18 1.60149e-20 1.44524e-18 0.608414
8.16 0.323453 0.00157653 1.20122e-18 9.59473e-21 1.20122e-18 0.674971
8.28 0.263681 0.000985743 9.78911e-19 5.69756e-21 9.78911e-19 0.735333
8.4 0.211085 0.00063091 7.8335e-19 3.35441e-21 7.8335e-19 0.788284
8.52 0.166194 0.000419879 6.16495e-19 1.95948e-21 6.16495e-19 0.833386
8.64 0.128881 0.00029562 4.77846e-19 1.13682e-21 4.77846e-19 0.870823
8.76 0.0985665 0.000223173 3.65234e-19 6.55734e-22 3.65234e-19 0.90121
8.88 0.074421 0.000181346 2.75565e-19 3.76451e-22 2.75565e-19 0.925398
9 0.055521 0.000157435 2.05397e-19 2.15308e-22 2.05397e-19 0.944322
9.12 0.0409553 0.000143907 1.51336e-19 1.22795e-22 1.51336e-19 0.958901
9.24 0.0298877 0.000136343 1.10272e-19 6.98952e-23 1.10272e-19 0.969976
9.36 0.0215881 0.000132169 7.9488e-20 3.97409e-23 7.9488e-20 0.97828
9.48 0.0154413 0.000129904 5.66969e-20 2.25933e-23 5.66969e-20 0.984429
9.6 0.010943 0.000128701 4.00242e-20 1.28592e-23 4.00242e-20 0.988928
9.72 0.00768891 0.000128079 2.7968e-20 7.34064e-24 2.7968e-20 0.992183
9.84 0.00536133 0.000127771 1.93482e-20 4.21466e-24 1.93482e-20 0.994511
9.96 0.00371476 0.000127627 1.32533e-20 2.44494e-24 1.32533e-20 0.996158
10.08 0.00256251 0.000127567 8.99035e-21 1.44337e-24 8.99035e-21 0.99731
10.2 0.00176472 0.000127548 6.04042e-21 8.7661e-25 6.04042e-21 0.998108
10.32 0.00121808 0.000127547 4.02038e-21 5.55919e-25 4.02038e-21 0.998654
10.44 0.000847339 0.000127553 2.6513e-21 3.74459e-25 2.6513e-21 0.999025
10.56 0.000598409 0.00012756 1.7327e-21 2.71783e-25 1.7327e-21 0.999274
10.68 0.000432897 0.000127567 1.12243e-21 2.13689e-25 1.12243e-21 0.99944
10.8 0.000323899 0.000127573 7.20896e-22 1.80827e-25 7.20896e-22 0.999549
10.92 0.00025279 0.000127577 4.59197e-22 1.62246e-25 4.59197e-22 0.99962
11.04 0.000206828 0.000127581 2.90227e-22 1.51748e-25 2.90227e-22 0.999666
11.16 0.000177398 0.000127583 1.82162e-22 1.45824e-25 1.82162e-22 0.999695
11.28 0.000158744 0.000127584 1.13753e-22 1.4249e-25 1.13753e-22 0.999714
11.4 0.000147071 0.000127585 7.10021e-23 1.40622e-25 7.10021e-23 0.999725
11.52 0.000139914 0.000127586 4.48263e-23 1.39586e-25 4.48263e-23 0.999732
11.64 0.000135712 0.000127586 2.94775e-23 1.39028e-25 2.94775e-23 0.999737
11.76 0.000133523 0.000127586 2.14894e-23 1.38756e-25 2.14894e-23 0.999739
11.88 0.000132845 0.000127587 1.90195e-23 1.38675e-25 1.90195e-23 0.99974
