0 0.000140282 0.000127586 4.6119e-23 1.39452e-25 4.6119e-23 0.999732
0.12 0.000141848 0.000127586 5.18554e-23 1.39676e-25 5.18554e-23 0.999731
0.24 0.000146886 0.000127585 7.03159e-23 1.40425e-25 7.03159e-23 0.999725
0.36 0.000156475 0.000127584 1.05488e-22 1.41953e-25 1.05488e-22 0.999716
0.48 0.000172632 0.000127583 1.64807e-22 1.44775e-25 1.64807e-22 0.9997
0.6 0.000198651 0.000127581 2.6044e-22 1.49841e-25 2.6044e-22 0.999674
0.72 0.000239653 0.000127578 4.1131e-22 1.58849e-25 4.1131e-22 0.999633
0.84 0.000303392 0.000127574 6.46085e-22 1.74807e-25 6.46085e-22 0.999569
0.96 0.000401408 0.000127569 1.00747e-21 2.03035e-25 1.00747e-21 0.999471
1.08 0.000550645 0.000127562 1.55818e-21 2.52932e-25 1.55818e-21 0.999322
1.2 0.000775661 0.000127554 2.38921e-21 3.41103e-25 2.38921e-21 0.999097
1.32 0.00111161 0.000127547 3.63087e-21 4.96885e-25 3.63087e-21 0.998761
1.44 0.00160821 0.000127545 5.46749e-21 7.72116e-25 5.46749e-21 0.998264
1.56 0.00233483 0.000127556 8.15645e-21 1.25838e-24 8.15645e-21 0.997538
1.68 0.003387 0.0001276 1.20524e-20 2.11745e-24 1.20524e-20 0.996485
1.8 0.00489457 0.000127713 1.76374e-20 3.63496e-24 1.76374e-20 0.994978
1.92 0.00703145 0.000127962 2.55575e-20 6.3148e-24 2.55575e-20 0.992841
2.04 0.0100272 0.000128472 3.66658e-20 1.10449e-23 3.66658e-20 0.989844
2.16 0.0141803 0.000129472 5.20713e-20 1.93872e-23 5.20713e-20 0.98569
2.28 0.0198718 0.000131368 7.31917e-20 3.40832e-23 7.31917e-20 0.979997
2.4 0.02758 0.000134884 1.01806e-19 5.99292e-23 1.01806e-19 0.972285
2.52 0.0378919 0.000141285 1.40097e-19 1.05284e-22 1.40097e-19 0.961967
2.64 0.0515091 0.000152775 1.90678e-19 1.84638e-22 1.90678e-19 0.948338
2.76 0.0692436 0.000173146 2.56572e-19 3.22955e-22 2.56572e-19 0.930583
2.88 0.0919928 0.000208875 3.41122e-19 5.62903e-22 3.41122e-19 0.907798
3 0.120686 0.000270912 4.47796e-19 9.76725e-22 4.47796e-19 0.879042
3.12 0.156191 0.000377565 5.79828e-19 1.68542e-21 5.79828e-19 0.843431
3.24 0.199168 0.00055911 7.39692e-19 2.88919e-21 7.39692e-19 0.800273
3.36 0.249881 0.000865034 9.28388e-19 4.91508e-21 9.28388e-19 0.749254
3.48 0.307984 0.00137541 1.14465e-18 8.29097e-21 1.14465e-18 0.690641
3.6 0.372337 0.00221894 1.38427e-18 1.38614e-20 1.38427e-18 0.625444
3.72 0.440908 0.0036025 1.63968e-18 2.29749e-20 1.63968e-18 0.55549
3.84 0.510832 0.00586275 1.90027e-18 3.78076e-20 1.90027e-18 0.483306
3.96 0.578624 0.00956417 2.15305e-18 6.19779e-20 2.15305e-18 0.411812
4.08 0.640439 0.015704 2.38373e-18 1.01845e-19 2.38373e-18 0.343857
4.2 0.692129 0.0261757 2.57684e-18 1.69499e-19 2.57684e-18 0.281696
4.32 0.728617 0.0448555 2.71347e-18 2.89926e-19 2.71347e-18 0.226528
4.44 0.741831 0.0800277 2.76353e-18 5.17403e-19 2.76353e-18 0.178142
4.56 0.716674 0.148542 2.6707e-18 9.64829e-19 2.6707e-18 0.134783
4.68 0.629723 0.276255 2.34756e-18 1.8123e-18 2.34756e-18 0.0940213
4.8 0.471826 0.471828 1.75977e-18 3.14158e-18 1.75977e-18 0.0563459
4.92 0.293134 0.678974 1.09399e-18 4.60926e-18 1.09399e-18 0.0278913
5.04 0.161568 0.82634 6.03495e-19 5.74685e-18 6.03495e-19 0.0120923
5.16 0.0868492 0.908081 3.24748e-19 6.50099e-18 3.24748e-19 0.0050701
5.28 0.0479581 0.949834 1.79534e-19 7.02506e-18 1.79534e-19 0.00220759
5.4 0.0275664 0.9714 1.03309e-19 7.42961e-18 1.03309e-19 0.00103335
5.52 0.0165647 0.982907 6.21334e-20 7.75312e-18 6.21334e-20 0.000528201
5.64 0.0106842 0.989012 4.01e-20 7.99216e-18 4.01e-20 0.000303257
5.76 0.00797866 0.991809 2.99546e-20 8.12807e-18 2.99546e-20 0.000211599
5.88 0.00764967 0.992149 2.87194e-20 8.1452e-18 2.87194e-20 0.000201281
6 0.0096024 0.990131 3.60401e-20 8.04136e-18 3.60401e-20 0.000266771
6.12 0.0143959 0.98516 5.39994e-20 7.82922e-18 5.39994e-20 0.000443996
6.24 0.0235467 0.97561 8.82469e-20 7.5283e-18 8.82469e-20 0.000843204
6.36 0.0404251 0.957818 1.51335e-19 7.14905e-18 1.51335e-19 0.00175732
6.48 0.0723029 0.923738 2.70343e-19 6.66896e-18 2.70343e-19 0.00395871
6.6 0.13377 0.856841 4.9959e-19 6.00137e-18 4.9959e-19 0.00938896
6.72 0.246548 0.731358 9.19891e-19 4.9927e-18 9.19891e-19 0.022095
6.84 0.415697 0.537373 1.54988e-18 3.59308e-18 1.54988e-18 0.0469302
6.96 0.587737 0.329299 2.19016e-18 2.16648e-18 2.19016e-18 0.0829643
7.08 0.696811 0.179677 2.59554e-18 1.16865e-18 2.59554e-18 0.123511
7.2 0.73766 0.0961117 2.74672e-18 6.21258e-19 2.74672e-18 0.166228
7.32 0.733671 0.0531423 2.73099e-18 3.43021e-19 2.73099e-18 0.213186
7.44 0.702825 0.0306536 2.61538e-18 1.9814e-19 2.61538e-18 0.266522
7.56 0.65485 0.0182533 2.43615e-18 1.18193e-19 2.43615e-18 0.326897
7.68 0.595447 0.0110717 2.21453e-18 7.16894e-20 2.21453e-18 0.393482
7.8 0.528954 0.00677344 1.96667e-18 4.37014e-20 1.96667e-18 0.464273
7.92 0.459307 0.00415726 1.70722e-18 2.65785e-20 1.70722e-18 0.536536
8.04 0.390118 0.00255681 1.44962e-18 1.60614e-20 1.44962e-18 0.607326
8.16 0.324447 0.0015801 1.20522e-18 9.62548e-21 1.20522e-18 0.673973
8.28 0.264564 0.00098805 9.82434e-19 5.71744e-21 9.82434e-19 0.734448
8.4 0.211844 0.000632364 7.86368e-19 3.36699e-21 7.86368e-19 0.787523
8.52 0.166831 0.000420773 6.19014e-19 1.9673e-21 6.19014e-19 0.832749
8.64 0.129402 0.000296158 4.79901e-19 1.1416e-21 4.79901e-19 0.870302
8.76 0.098984 0.00022349 3.66878e-19 6.58624e-22 3.66878e-19 0.900793
8.88 0.0747498 0.000181528 2.76857e-19 3.78177e-22 2.76857e-19 0.925069
9 0.055776 0.000157537 2.06397e-19 2.1633e-22 2.06397e-19 0.944066
9.12 0.0411501 0.000143963 1.52099e-19 1.23396e-22 1.52099e-19 0.958706
9.24 0.0300347 0.000136372 1.10846e-19 7.02462e-23 1.10846e-19 0.969829
9.36 0.0216976 0.000132184 7.99154e-20 3.99451e-23 7.99154e-20 0.97817
9.48 0.0155219 0.000129911 5.70111e-20 2.27116e-23 5.70111e-20 0.984348
9.6 0.0110017 0.000128703 4.02525e-20 1.29276e-23 4.02525e-20 0.98887
9.72 0.00773112 0.00012808 2.81321e-20 7.38009e-24 2.81321e-20 0.992141
9.84 0.00539137 0.00012777 1.94649e-20 4.23737e-24 1.94649e-20 0.994481
9.96 0.00373591 0.000127626 1.33353e-20 2.45799e-24 1.33353e-20 0.996136
10.08 0.00257725 0.000127567 9.04744e-21 1.45086e-24 9.04744e-21 0.997295
10.2 0.00177488 0.000127548 6.07973e-21 8.80908e-25 6.07973e-21 0.998098
10.32 0.00122501 0.000127547 4.04719e-21 5.58381e-25 4.04719e-21 0.998647
10.44 0.000852026 0.000127553 2.66939e-21 3.75868e-25 2.66939e-21 0.99902
10.56 0.000601546 0.00012756 1.7448e-21 2.72588e-25 1.7448e-21 0.999271
10.68 0.000434976 0.000127567 1.13044e-21 2.14148e-25 1.13044e-21 0.999437
10.8 0.000325265 0.000127573 7.26154e-22 1.81088e-25 7.26154e-22 0.999547
10.92 0.00025368 0.000127577 4.62617e-22 1.62394e-25 4.62617e-22 0.999619
11.04 0.000207403 0.000127581 2.92433e-22 1.51831e-25 2.92433e-22 0.999665
11.16 0.000177766 0.000127583 1.83573e-22 1.45871e-25 1.83573e-22 0.999695
11.28 0.000158979 0.000127584 1.14651e-22 1.42516e-25 1.14651e-22 0.999713
11.4 0.00014722 0.000127585 7.15725e-23 1.40636e-25 7.15725e-23 0.999725
11.52 0.00014001 0.000127586 4.5192e-23 1.39593e-25 4.5192e-23 0.999732
11.64 0.000135776 0.000127586 2.97209e-23 1.39032e-25 2.97209e-23 0.999737
11.76 0.00013357 0.000127586 2.16679e-23 1.38758e-25 2.16679e-23 0.999739
11.88 0.000132887 0.000127587 1.91773e-23 1.38677e-25 1.91773e-23 0.99974
