0 0.000142353 0.000127586 5.39903e-23 1.39596e-25 5.39903e-23 0.99973
0.12 0.000144175 0.000127585 6.07048e-23 1.39852e-25 6.07048e-23 0.999728
0.24 0.00015001 0.000127585 8.2212e-23 1.40704e-25 8.2212e-23 0.999722
0.36 0.000161076 0.000127584 1.23035e-22 1.42437e-25 1.23035e-22 0.999711
0.48 0.000179655 0.000127582 1.91631e-22 1.45632e-25 1.91631e-22 0.999693
0.6 0.00020947 0.00012758 3.01821e-22 1.51358e-25 3.01821e-22 0.999663
0.72 0.000256289 0.000127577 4.75024e-22 1.61519e-25 4.75024e-22 0.999616
0.84 0.000328816 0.000127572 7.4358e-22 1.79486e-25 7.4358e-22 0.999544
0.96 0.000439955 0.000127565 1.15546e-21 2.11206e-25 1.15546e-21 0.999432
1.08 0.000608579 0.000127557 1.78088e-21 2.67165e-25 1.78088e-21 0.999264
1.2 0.000861933 0.000127548 2.72122e-21 3.65847e-25 2.72122e-21 0.99901
1.32 0.00123887 0.000127538 4.12114e-21 5.39842e-25 4.12114e-21 0.998634
1.44 0.00179408 0.000127534 6.1844e-21 8.46598e-25 6.1844e-21 0.998078
1.56 0.00260361 0.000127544 9.19431e-21 1.38739e-24 9.19431e-21 0.997269
1.68 0.00377172 0.000127588 1.35396e-20 2.34066e-24 1.35396e-20 0.996101
1.8 0.0054395 0.000127704 1.97464e-20 4.02072e-24 1.97464e-20 0.994433
1.92 0.00779514 0.000127966 2.85166e-20 6.98058e-24 2.85166e-20 0.992077
2.04 0.0110859 0.000128508 4.0773e-20 1.21921e-23 4.0773e-20 0.988786
2.16 0.0156317 0.000129572 5.77095e-20 2.13597e-23 5.77095e-20 0.984239
2.28 0.0218392 0.000131595 8.08443e-20 3.74656e-23 8.08443e-20 0.978029
2.4 0.0302157 0.000135346 1.12072e-19 6.57092e-23 1.12072e-19 0.969649
2.52 0.0413795 0.000142171 1.53702e-19 1.15117e-22 1.53702e-19 0.958478
2.64 0.0560645 0.000154402 2.08477e-19 2.01273e-22 2.08477e-19 0.943781
2.76 0.0751105 0.000176045 2.79537e-19 3.509e-22 2.79537e-19 0.924714
2.88 0.0994328 0.000213907 3.70304e-19 6.09432e-22 3.70304e-19 0.900353
3 0.129959 0.000279442 4.84249e-19 1.05336e-21 4.84249e-19 0.869762
3.12 0.16752 0.0003917 6.24488e-19 1.80999e-21 6.24488e-19 0.832088
3.24 0.212697 0.000581995 7.93202e-19 3.0885e-21 7.93202e-19 0.786721
3.36 0.265618 0.000901183 9.90887e-19 5.22808e-21 9.90887e-19 0.733481
3.48 0.325749 0.00143101 1.21557e-18 8.77209e-21 1.21557e-18 0.67282
3.6 0.391726 0.00230202 1.46216e-18 1.45835e-20 1.46216e-18 0.605972
3.72 0.4613 0.00372291 1.72229e-18 2.40311e-20 1.72229e-18 0.534977
3.84 0.531447 0.00603181 1.98466e-18 3.93129e-20 1.98466e-18 0.462521
3.96 0.598627 0.00979437 2.23607e-18 6.4073e-20 2.23607e-18 0.391578
4.08 0.659061 0.0160094 2.46237e-18 1.04714e-19 2.46237e-18 0.324929
4.2 0.708764 0.0265756 2.64869e-18 1.73432e-19 2.64869e-18 0.26466
4.32 0.742856 0.045386 2.77674e-18 2.95498e-19 2.77674e-18 0.211758
4.44 0.753395 0.0807716 2.81682e-18 5.2593e-19 2.81682e-18 0.165833
4.56 0.725279 0.14967 2.71241e-18 9.79215e-19 2.71241e-18 0.125051
4.68 0.635038 0.277974 2.37563e-18 1.83748e-18 2.37563e-18 0.0869883
4.8 0.474 0.473998 1.77384e-18 3.18135e-18 1.77384e-18 0.0520021
4.92 0.293358 0.680944 1.09834e-18 4.66107e-18 1.09834e-18 0.025698
5.04 0.161117 0.827744 6.03603e-19 5.80512e-18 6.03603e-19 0.0111388
5.16 0.0862864 0.909038 3.23499e-19 6.56174e-18 3.23499e-19 0.00467573
5.28 0.0474452 0.950515 1.78013e-19 7.08491e-18 1.78013e-19 0.0020402
5.4 0.0271488 0.971893 1.01927e-19 7.48444e-18 1.01927e-19 0.000957955
5.52 0.0162593 0.983248 6.10683e-20 7.79786e-18 6.10683e-20 0.000492562
5.64 0.0105 0.989213 3.94407e-20 8.02146e-18 3.94407e-20 0.000286921
5.76 0.00792185 0.991872 2.97484e-20 8.13769e-18 2.97484e-20 0.000206622
5.88 0.00772561 0.992069 2.89939e-20 8.13346e-18 2.89939e-20 0.000205438
6 0.00981844 0.9899 3.68161e-20 8.00975e-18 3.68161e-20 0.000281819
6.12 0.0147659 0.984757 5.53056e-20 7.78178e-18 5.53056e-20 0.000477056
6.24 0.0241007 0.974987 9.01454e-20 7.47013e-18 9.01454e-20 0.000912785
6.36 0.0412308 0.956859 1.53975e-19 7.08466e-18 1.53975e-19 0.00191068
6.48 0.073504 0.922178 2.74049e-19 6.60115e-18 2.74049e-19 0.00431826
6.6 0.135594 0.854146 5.04779e-19 5.93081e-18 5.04779e-19 0.0102603
6.72 0.248983 0.726891 9.25761e-19 4.91974e-18 9.25761e-19 0.024127
6.84 0.417395 0.531564 1.55056e-18 3.52465e-18 1.55056e-18 0.0510409
6.96 0.586059 0.324233 2.17571e-18 2.11608e-18 2.17571e-18 0.0897082
7.08 0.690701 0.176442 2.56289e-18 1.13879e-18 2.56289e-18 0.132857
7.2 0.727732 0.0942494 2.69915e-18 6.04656e-19 2.69915e-18 0.178018
7.32 0.720673 0.0520347 2.67195e-18 3.33323e-19 2.67195e-18 0.227292
7.44 0.687308 0.029946 2.54734e-18 1.92018e-19 2.54734e-18 0.282746
7.56 0.637348 0.0177766 2.36138e-18 1.14109e-19 2.36138e-18 0.344875
7.68 0.576608 0.0107431 2.13562e-18 6.88997e-20 2.13562e-18 0.412649
7.8 0.509544 0.00654702 1.88661e-18 4.17936e-20 1.88661e-18 0.483909
7.92 0.440136 0.00400334 1.62908e-18 2.52891e-20 1.62908e-18 0.555861
8.04 0.37193 0.00245426 1.37616e-18 1.52056e-20 1.37616e-18 0.625616
8.16 0.307827 0.00151331 1.13856e-18 9.06879e-21 1.13856e-18 0.69066
8.28 0.249885 0.000945547 9.23897e-19 5.36253e-21 9.23897e-19 0.749169
8.4 0.199267 0.000605915 7.36435e-19 3.14492e-21 7.36435e-19 0.800127
8.52 0.156336 0.000404662 5.77501e-19 1.83064e-21 5.77501e-19 0.843259
8.64 0.120846 0.000286542 4.46154e-19 1.05872e-21 4.46154e-19 0.878868
8.76 0.0921468 0.000217865 3.39977e-19 6.08964e-22 3.39977e-19 0.907635
8.88 0.0693816 0.000178305 2.55781e-19 3.48723e-22 2.55781e-19 0.93044
9 0.0516267 0.000155731 1.90137e-19 1.99005e-22 1.90137e-19 0.948218
9.12 0.0379883 0.000142978 1.3973e-19 1.13273e-22 1.3973e-19 0.961869
9.24 0.0276568 0.000135852 1.01559e-19 6.43628e-23 1.01559e-19 0.972207
9.36 0.0199315 0.000131922 7.30267e-20 3.65403e-23 7.30267e-20 0.979937
9.48 0.0142257 0.000129788 5.19619e-20 2.07477e-23 5.19619e-20 0.985645
9.6 0.0100611 0.000128653 3.65936e-20 1.17979e-23 3.65936e-20 0.98981
9.72 0.00705631 0.000128065 2.55102e-20 6.7315e-24 2.55102e-20 0.992816
9.84 0.00491249 0.000127772 1.76064e-20 3.86562e-24 1.76064e-20 0.99496
9.96 0.00339972 0.000127634 1.20321e-20 2.2452e-24 1.20321e-20 0.996473
10.08 0.0023437 0.000127576 8.14315e-21 1.32919e-24 8.14315e-21 0.997529
10.2 0.00161431 0.000127556 5.4587e-21 8.11414e-25 5.4587e-21 0.998258
10.32 0.00111573 0.000127553 3.625e-21 5.18727e-25 3.625e-21 0.998757
10.44 0.000778389 0.000127558 2.38521e-21 3.53267e-25 2.38521e-21 0.999094
10.56 0.000552404 0.000127564 1.55536e-21 2.59724e-25 1.55536e-21 0.99932
10.68 0.00040249 0.00012757 1.00535e-21 2.06839e-25 1.00535e-21 0.99947
10.8 0.000303986 0.000127575 6.4431e-22 1.76945e-25 6.4431e-22 0.999568
10.92 0.000239864 0.000127579 4.09542e-22 1.60053e-25 4.09542e-22 0.999633
11.04 0.000198507 0.000127581 2.58303e-22 1.50514e-25 2.58303e-22 0.999674
11.16 0.000172082 0.000127583 1.61793e-22 1.45135e-25 1.61793e-22 0.9997
11.28 0.000155367 0.000127585 1.00833e-22 1.42108e-25 1.00833e-22 0.999717
11.4 0.000144929 0.000127585 6.2819e-23 1.40412e-25 6.2819e-23 0.999727
11.52 0.000138541 0.000127586 3.95927e-23 1.39472e-25 3.95927e-23 0.999734
11.64 0.000134799 0.000127586 2.60017e-23 1.38966e-25 2.60017e-23 0.999738
11.76 0.000132853 0.000127587 1.89431e-23 1.3872e-25 1.89431e-23 0.99974
11.88 0.000132252 0.000127587 1.67659e-23 1.38646e-25 1.67659e-23 0.99974
