0 0.000140696 0.000127586 4.7695e-23 1.39481e-25 4.7695e-23 0.999732
0.12 0.000142313 0.000127586 5.36274e-23 1.39711e-25 5.36274e-23 0.99973
0.24 0.000147511 0.000127585 7.27016e-23 1.4048e-25 7.27016e-23 0.999725
0.36 0.000157399 0.000127584 1.09017e-22 1.42049e-25 1.09017e-22 0.999715
0.48 0.000174046 0.000127583 1.70221e-22 1.44946e-25 1.70221e-22 0.999698
0.6 0.000200838 0.000127581 2.68824e-22 1.50145e-25 2.68824e-22 0.999672
0.72 0.000243029 0.000127578 4.24268e-22 1.59387e-25 4.24268e-22 0.999629
0.84 0.000308572 0.000127574 6.65991e-22 1.75755e-25 6.65991e-22 0.999564
0.96 0.000409293 0.000127568 1.0378e-21 2.04698e-25 1.0378e-21 0.999463
1.08 0.000562541 0.000127561 1.604e-21 2.55841e-25 1.604e-21 0.99931
1.2 0.000793444 0.000127553 2.45778e-21 3.46183e-25 2.45778e-21 0.999079
1.32 0.00113794 0.000127545 3.73251e-21 5.05741e-25 3.73251e-21 0.998734
1.44 0.00164681 0.000127542 5.61667e-21 7.87536e-25 5.61667e-21 0.998226
1.56 0.00239085 0.000127554 8.37321e-21 1.2852e-24 8.37321e-21 0.997482
1.68 0.00346749 0.000127598 1.23641e-20 2.16404e-24 1.23641e-20 0.996405
1.8 0.00500899 0.000127711 1.80811e-20 3.7158e-24 1.80811e-20 0.994863
1.92 0.00719238 0.000127962 2.61823e-20 6.45487e-24 2.61823e-20 0.99268
2.04 0.0102511 0.000128479 3.7536e-20 1.12872e-23 3.7536e-20 0.98962
2.16 0.0144883 0.000129493 5.32702e-20 1.98055e-23 5.32702e-20 0.985382
2.28 0.0202908 0.000131416 7.48247e-20 3.48033e-23 7.48247e-20 0.979578
2.4 0.0281433 0.000134982 1.04004e-19 6.11647e-23 1.04004e-19 0.971722
2.52 0.0386398 0.000141474 1.4302e-19 1.07394e-22 1.4302e-19 0.961219
2.64 0.0524894 0.000153124 1.94516e-19 1.88223e-22 1.94516e-19 0.947358
2.76 0.0705106 0.000173771 2.61541e-19 3.29004e-22 2.61541e-19 0.929316
2.88 0.0936054 0.000209966 3.4746e-19 5.73019e-22 3.4746e-19 0.906185
3 0.122704 0.000272769 4.55744e-19 9.93467e-22 4.55744e-19 0.877023
3.12 0.158666 0.000380659 5.89605e-19 1.71277e-21 5.89605e-19 0.840953
3.24 0.202136 0.000564146 7.51457e-19 2.93319e-21 7.51457e-19 0.7973
3.36 0.253348 0.000873035 9.42193e-19 4.98458e-21 9.42193e-19 0.745778
3.48 0.311918 0.0013878 1.1604e-18 8.39849e-21 1.1604e-18 0.686694
3.6 0.376652 0.00223757 1.40165e-18 1.40239e-20 1.40165e-18 0.62111
3.72 0.445471 0.0036297 1.65822e-18 2.32144e-20 1.65822e-18 0.5509
3.84 0.51547 0.00590126 1.91932e-18 3.81517e-20 1.91932e-18 0.478629
3.96 0.583149 0.00961708 2.1719e-18 6.24612e-20 2.1719e-18 0.407234
4.08 0.644674 0.0157749 2.40168e-18 1.02513e-19 2.40168e-18 0.339551
4.2 0.69593 0.0262695 2.59333e-18 1.70424e-19 2.59333e-18 0.2778
4.32 0.731884 0.0449812 2.72807e-18 2.91247e-19 2.72807e-18 0.223135
4.44 0.744493 0.0802051 2.77587e-18 5.19431e-19 2.77587e-18 0.175302
4.56 0.71866 0.148811 2.6804e-18 9.68239e-19 2.6804e-18 0.132529
4.68 0.630953 0.276661 2.35412e-18 1.81822e-18 2.35412e-18 0.0923866
4.8 0.472334 0.472333 1.76309e-18 3.15085e-18 1.76309e-18 0.0553332
4.92 0.293194 0.679427 1.09506e-18 4.62127e-18 1.09506e-18 0.0273789
5.04 0.161472 0.826659 6.0357e-19 5.76032e-18 6.0357e-19 0.0118694
5.16 0.0867255 0.908297 3.24494e-19 6.51504e-18 3.24494e-19 0.00497795
5.28 0.0478438 0.949988 1.79204e-19 7.03895e-18 1.79204e-19 0.00216851
5.4 0.0274722 0.971512 1.03001e-19 7.44244e-18 1.03001e-19 0.00101575
5.52 0.0164946 0.982986 6.18908e-20 7.76375e-18 6.18908e-20 0.000519861
5.64 0.0106404 0.989061 3.9944e-20 7.99938e-18 3.9944e-20 0.00029939
5.76 0.00796249 0.991827 2.98962e-20 8.13088e-18 2.98962e-20 0.000210335
5.88 0.00766188 0.992136 2.87634e-20 8.14315e-18 2.87634e-20 0.000202068
6 0.00964343 0.990087 3.61869e-20 8.03475e-18 3.61869e-20 0.000269942
6.12 0.0144663 0.985083 5.42458e-20 7.81893e-18 5.42458e-20 0.000451031
6.24 0.0236477 0.975494 8.85865e-20 7.51552e-18 8.85865e-20 0.000857962
6.36 0.0405601 0.95765 1.51757e-19 7.1349e-18 1.51757e-19 0.00178962
6.48 0.072479 0.923487 2.70826e-19 6.65427e-18 2.70826e-19 0.00403394
6.6 0.133991 0.856438 5.00049e-19 5.98669e-18 5.00049e-19 0.00957092
6.72 0.246756 0.730722 9.1994e-19 4.97854e-18 9.1994e-19 0.0225225
6.84 0.415627 0.53656 1.54834e-18 3.58076e-18 1.54834e-18 0.0478127
6.96 0.586964 0.328583 2.18539e-18 2.15778e-18 2.18539e-18 0.0844524
7.08 0.695175 0.179206 2.58716e-18 1.16351e-18 2.58716e-18 0.125619
7.2 0.735256 0.0958249 2.73531e-18 6.1833e-19 2.73531e-18 0.168919
7.32 0.730612 0.0529592 2.71712e-18 3.41237e-19 2.71712e-18 0.216429
7.44 0.699202 0.0305281 2.59949e-18 1.96962e-19 2.59949e-18 0.27027
7.56 0.650768 0.0181636 2.41869e-18 1.17375e-19 2.41869e-18 0.331069
7.68 0.591044 0.011007 2.19606e-18 7.11127e-20 2.19606e-18 0.397949
7.8 0.524403 0.00672733 1.94788e-18 4.32971e-20 1.94788e-18 0.46887
7.92 0.454794 0.00412509 1.68881e-18 2.62997e-20 1.68881e-18 0.541081
8.04 0.385819 0.00253494 1.43224e-18 1.58734e-20 1.43224e-18 0.611646
8.16 0.320504 0.00156563 1.18939e-18 9.50158e-21 1.18939e-18 0.67793
8.28 0.261068 0.000978725 9.68483e-19 5.63758e-21 9.68483e-19 0.737953
8.4 0.208839 0.000626502 7.74427e-19 3.31655e-21 7.74427e-19 0.790535
8.52 0.164315 0.000417174 6.09055e-19 1.93601e-21 6.09055e-19 0.835268
8.64 0.127345 0.000293996 4.71782e-19 1.12249e-21 4.71782e-19 0.872361
8.76 0.0973356 0.000222219 3.60388e-19 6.47103e-22 3.60388e-19 0.902442
8.88 0.0734522 0.000180798 2.71759e-19 3.71306e-22 2.71759e-19 0.926367
9 0.0547705 0.000157127 2.02454e-19 2.12268e-22 2.02454e-19 0.945072
9.12 0.0403821 0.000143739 1.49093e-19 1.21011e-22 1.49093e-19 0.959474
9.24 0.0294557 0.000136254 1.08584e-19 6.88542e-23 1.08584e-19 0.970408
9.36 0.0212666 0.000132125 7.82333e-20 3.91362e-23 7.82333e-20 0.978601
9.48 0.0152049 0.000129884 5.57753e-20 2.22432e-23 5.57753e-20 0.984665
9.6 0.0107711 0.000128692 3.93549e-20 1.26572e-23 3.93549e-20 0.9891
9.72 0.00756529 0.000128077 2.74874e-20 7.22427e-24 2.74874e-20 0.992307
9.84 0.00527342 0.000127771 1.90069e-20 4.14775e-24 1.90069e-20 0.994599
9.96 0.00365292 0.000127629 1.30135e-20 2.40652e-24 1.30135e-20 0.996219
10.08 0.00251946 0.000127569 8.82357e-21 1.42133e-24 8.82357e-21 0.997353
10.2 0.00173506 0.00012755 5.92564e-21 8.63988e-25 5.92564e-21 0.998137
10.32 0.00119785 0.000127548 3.94219e-21 5.48696e-25 3.94219e-21 0.998675
10.44 0.000833679 0.000127554 2.59855e-21 3.70331e-25 2.59855e-21 0.999039
10.56 0.000589273 0.000127561 1.69747e-21 2.69427e-25 1.69747e-21 0.999283
10.68 0.000426845 0.000127568 1.09912e-21 2.12347e-25 1.09912e-21 0.999446
10.8 0.000319927 0.000127573 7.05612e-22 1.80064e-25 7.05612e-22 0.999552
10.92 0.000250206 0.000127578 4.49265e-22 1.61814e-25 4.49265e-22 0.999622
11.04 0.000205161 0.000127581 2.83827e-22 1.51504e-25 2.83827e-22 0.999667
11.16 0.00017633 0.000127583 1.78069e-22 1.45688e-25 1.78069e-22 0.999696
11.28 0.000158065 0.000127584 1.11152e-22 1.42414e-25 1.11152e-22 0.999714
11.4 0.000146639 0.000127585 6.93507e-23 1.4058e-25 6.93507e-23 0.999726
11.52 0.000139636 0.000127586 4.37681e-23 1.39563e-25 4.37681e-23 0.999733
11.64 0.000135527 0.000127586 2.87737e-23 1.39016e-25 2.87737e-23 0.999737
11.76 0.000133387 0.000127586 2.09736e-23 1.38749e-25 2.09736e-23 0.999739
11.88 0.000132725 0.000127587 1.8563e-23 1.38669e-25 1.8563e-23 0.99974
