0 0.000140255 0.000127586 4.60135e-23 1.3945e-25 4.60135e-23 0.999732
0.12 0.000141817 0.000127586 5.17369e-23 1.39674e-25 5.17369e-23 0.999731
0.24 0.000146844 0.000127585 7.01562e-23 1.40422e-25 7.01562e-23 0.999726
0.36 0.000156413 0.000127584 1.05252e-22 1.41946e-25 1.05252e-22 0.999716
0.48 0.000172537 0.000127583 1.64444e-22 1.44763e-25 1.64444e-22 0.9997
0.6 0.000198504 0.000127581 2.59878e-22 1.49821e-25 2.59878e-22 0.999674
0.72 0.000239426 0.000127578 4.10439e-22 1.58813e-25 4.10439e-22 0.999633
0.84 0.000303044 0.000127574 6.44747e-22 1.74744e-25 6.44747e-22 0.999569
0.96 0.000400878 0.000127569 1.00543e-21 2.02924e-25 1.00543e-21 0.999472
1.08 0.000549844 0.000127562 1.5551e-21 2.52736e-25 1.5551e-21 0.999323
1.2 0.000774462 0.000127554 2.38459e-21 3.40761e-25 2.38459e-21 0.999098
1.32 0.00110984 0.000127547 3.62401e-21 4.96288e-25 3.62401e-21 0.998763
1.44 0.00160561 0.000127545 5.45741e-21 7.71076e-25 5.45741e-21 0.998267
1.56 0.00233104 0.000127556 8.14178e-21 1.25657e-24 8.14178e-21 0.997541
1.68 0.00338156 0.000127601 1.20313e-20 2.1143e-24 1.20313e-20 0.996491
1.8 0.00488682 0.000127713 1.76073e-20 3.62949e-24 1.76073e-20 0.994985
1.92 0.00702054 0.000127961 2.55151e-20 6.3053e-24 2.55151e-20 0.992851
2.04 0.010012 0.000128471 3.66066e-20 1.10284e-23 3.66066e-20 0.989859
2.16 0.0141593 0.00012947 5.19898e-20 1.93588e-23 5.19898e-20 0.985711
2.28 0.0198433 0.000131365 7.30806e-20 3.40342e-23 7.30806e-20 0.980025
2.4 0.0275417 0.000134877 1.01656e-19 5.98451e-23 1.01656e-19 0.972323
2.52 0.0378409 0.000141273 1.39898e-19 1.0514e-22 1.39898e-19 0.962018
2.64 0.0514423 0.000152751 1.90416e-19 1.84393e-22 1.90416e-19 0.948405
2.76 0.0691571 0.000173103 2.56232e-19 3.22542e-22 2.56232e-19 0.93067
2.88 0.0918826 0.000208801 3.40689e-19 5.62211e-22 3.40689e-19 0.907908
3 0.120548 0.000270785 4.47251e-19 9.75578e-22 4.47251e-19 0.879181
3.12 0.156022 0.000377353 5.79158e-19 1.68354e-21 5.79158e-19 0.843601
3.24 0.198965 0.000558764 7.38885e-19 2.88616e-21 7.38885e-19 0.800477
3.36 0.249643 0.000864484 9.27439e-19 4.91029e-21 9.27439e-19 0.749493
3.48 0.307714 0.00137456 1.14357e-18 8.28356e-21 1.14357e-18 0.690912
3.6 0.37204 0.00221766 1.38307e-18 1.38502e-20 1.38307e-18 0.625743
3.72 0.440593 0.00360062 1.6384e-18 2.29583e-20 1.6384e-18 0.555807
3.84 0.510511 0.00586008 1.89895e-18 3.77837e-20 1.89895e-18 0.483629
3.96 0.578311 0.00956049 2.15174e-18 6.19442e-20 2.15174e-18 0.412129
4.08 0.640146 0.0156991 2.38248e-18 1.01798e-19 2.38248e-18 0.344155
4.2 0.691865 0.0261692 2.57569e-18 1.69434e-19 2.57569e-18 0.281966
4.32 0.728389 0.0448466 2.71246e-18 2.89833e-19 2.71246e-18 0.226764
4.44 0.741645 0.0800152 2.76266e-18 5.17261e-19 2.76266e-18 0.178339
4.56 0.716536 0.148523 2.67002e-18 9.64589e-19 2.67002e-18 0.134941
4.68 0.629637 0.276227 2.34711e-18 1.81188e-18 2.34711e-18 0.0941354
4.8 0.471791 0.471792 1.75953e-18 3.14093e-18 1.75953e-18 0.0564167
4.92 0.29313 0.678943 1.09392e-18 4.60843e-18 1.09392e-18 0.0279271
5.04 0.161575 0.826318 6.03488e-19 5.74592e-18 6.03488e-19 0.0121079
5.16 0.0868576 0.908066 3.24764e-19 6.50001e-18 3.24764e-19 0.00507654
5.28 0.0479659 0.949824 1.79556e-19 7.02409e-18 1.79556e-19 0.00221033
5.4 0.027573 0.971392 1.0333e-19 7.42872e-18 1.0333e-19 0.00103458
5.52 0.0165696 0.982901 6.21502e-20 7.75238e-18 6.21502e-20 0.000528784
5.64 0.0106872 0.989009 4.01109e-20 7.99165e-18 4.01109e-20 0.000303528
5.76 0.00797985 0.991808 2.99589e-20 8.12786e-18 2.99589e-20 0.00021169
5.88 0.00764894 0.992149 2.87168e-20 8.14532e-18 2.87168e-20 0.00020123
6 0.00959975 0.990133 3.60307e-20 8.0418e-18 3.60307e-20 0.000266556
6.12 0.0143913 0.985165 5.39835e-20 7.82992e-18 5.39835e-20 0.000443518
6.24 0.0235403 0.975617 8.82255e-20 7.52918e-18 8.82255e-20 0.000842203
6.36 0.0404168 0.957828 1.5131e-19 7.15002e-18 1.5131e-19 0.00175514
6.48 0.072293 0.923753 2.70318e-19 6.66996e-18 2.70318e-19 0.00395364
6.6 0.13376 0.856864 4.99575e-19 6.00236e-18 4.99575e-19 0.00937669
6.72 0.246541 0.731393 9.19919e-19 4.99362e-18 9.19919e-19 0.0220661
6.84 0.415712 0.537418 1.55003e-18 3.59386e-18 1.55003e-18 0.0468702
6.96 0.5878 0.329338 2.19052e-18 2.16702e-18 2.19052e-18 0.082862
7.08 0.696931 0.179704 2.59614e-18 1.16896e-18 2.59614e-18 0.123366
7.2 0.737831 0.0961282 2.74753e-18 6.2144e-19 2.74753e-18 0.166041
7.32 0.733886 0.0531533 2.73196e-18 3.43134e-19 2.73196e-18 0.212961
7.44 0.703078 0.0306614 2.61649e-18 1.98216e-19 2.61649e-18 0.26626
7.56 0.655136 0.0182591 2.43737e-18 1.18247e-19 2.43737e-18 0.326605
7.68 0.595755 0.0110759 2.21582e-18 7.17279e-20 2.21582e-18 0.393169
7.8 0.529273 0.0067765 1.96799e-18 4.37287e-20 1.96799e-18 0.463951
7.92 0.459623 0.00415942 1.70852e-18 2.65974e-20 1.70852e-18 0.536218
8.04 0.39042 0.00255829 1.45084e-18 1.60743e-20 1.45084e-18 0.607022
8.16 0.324725 0.00158108 1.20633e-18 9.63399e-21 1.20633e-18 0.673694
8.28 0.26481 0.000988688 9.83417e-19 5.72295e-21 9.83417e-19 0.734201
8.4 0.212056 0.000632766 7.8721e-19 3.37048e-21 7.8721e-19 0.787311
8.52 0.167008 0.000421021 6.19717e-19 1.96947e-21 6.19717e-19 0.832571
8.64 0.129547 0.000296307 4.80475e-19 1.14293e-21 4.80475e-19 0.870156
8.76 0.0991006 0.000223578 3.67337e-19 6.59428e-22 3.67337e-19 0.900676
8.88 0.0748417 0.000181579 2.77218e-19 3.78658e-22 2.77218e-19 0.924977
9 0.0558472 0.000157566 2.06676e-19 2.16615e-22 2.06676e-19 0.943995
9.12 0.0412046 0.000143979 1.52313e-19 1.23563e-22 1.52313e-19 0.958651
9.24 0.0300758 0.00013638 1.11007e-19 7.0344e-23 1.11007e-19 0.969788
9.36 0.0217282 0.000132188 8.00349e-20 4.0002e-23 8.00349e-20 0.97814
9.48 0.0155445 0.000129913 5.7099e-20 2.27446e-23 5.7099e-20 0.984326
9.6 0.0110181 0.000128704 4.03164e-20 1.29467e-23 4.03164e-20 0.988853
9.72 0.00774294 0.00012808 2.8178e-20 7.3911e-24 2.8178e-20 0.992129
9.84 0.00539978 0.00012777 1.94975e-20 4.24371e-24 1.94975e-20 0.994472
9.96 0.00374184 0.000127626 1.33583e-20 2.46164e-24 1.33583e-20 0.996131
10.08 0.00258138 0.000127566 9.06344e-21 1.45296e-24 9.06344e-21 0.997291
10.2 0.00177773 0.000127547 6.09075e-21 8.82111e-25 6.09075e-21 0.998095
10.32 0.00122696 0.000127546 4.05471e-21 5.5907e-25 4.05471e-21 0.998646
10.44 0.000853341 0.000127552 2.67447e-21 3.76263e-25 2.67447e-21 0.999019
10.56 0.000602426 0.00012756 1.7482e-21 2.72814e-25 1.7482e-21 0.99927
10.68 0.00043556 0.000127567 1.13269e-21 2.14277e-25 1.13269e-21 0.999437
10.8 0.000325649 0.000127573 7.2763e-22 1.81162e-25 7.2763e-22 0.999547
10.92 0.00025393 0.000127577 4.63577e-22 1.62435e-25 4.63577e-22 0.999619
11.04 0.000207564 0.00012758 2.93052e-22 1.51855e-25 2.93052e-22 0.999665
11.16 0.00017787 0.000127583 1.83969e-22 1.45884e-25 1.83969e-22 0.999695
11.28 0.000159045 0.000127584 1.14904e-22 1.42523e-25 1.14904e-22 0.999713
11.4 0.000147262 0.000127585 7.17329e-23 1.4064e-25 7.17329e-23 0.999725
11.52 0.000140037 0.000127586 4.52949e-23 1.39596e-25 4.52949e-23 0.999732
11.64 0.000135794 0.000127586 2.97894e-23 1.39033e-25 2.97894e-23 0.999737
11.76 0.000133583 0.000127586 2.17181e-23 1.38759e-25 2.17181e-23 0.999739
11.88 0.000132899 0.000127587 1.92217e-23 1.38677e-25 1.92217e-23 0.99974
