0 0.000158974 0.000127584 1.16482e-22 1.40878e-25 1.16482e-22 0.999713
0.12 0.000162842 0.000127583 1.30926e-22 1.41403e-25 1.30926e-22 0.99971
0.24 0.000174455 0.000127582 1.74298e-22 1.43045e-25 1.74298e-22 0.999698
0.36 0.000195542 0.00012758 2.53097e-22 1.46254e-25 2.53097e-22 0.999677
0.48 0.000229659 0.000127577 3.8067e-22 1.51979e-25 3.8067e-22 0.999643
0.6 0.000282633 0.000127573 5.78884e-22 1.61941e-25 5.78884e-22 0.99959
0.72 0.000363345 0.000127567 8.81083e-22 1.7916e-25 8.81083e-22 0.999509
0.84 0.000484913 0.000127558 1.33654e-21 2.08874e-25 1.33654e-21 0.999388
0.96 0.000666369 0.000127547 2.01676e-21 2.60156e-25 2.01676e-21 0.999206
1.08 0.000934941 0.000127532 3.02406e-21 3.48726e-25 3.02406e-21 0.998938
1.2 0.00132912 0.000127514 4.50314e-21 5.01832e-25 4.50314e-21 0.998543
1.32 0.00190268 0.000127496 6.65621e-21 7.66748e-25 6.65621e-21 0.99797
1.44 0.00272985 0.000127483 9.76243e-21 1.22553e-24 9.76243e-21 0.997143
1.56 0.00391183 0.000127487 1.42025e-20 2.02067e-24 1.42025e-20 0.995961
1.68 0.00558486 0.000127534 2.04891e-20 3.39965e-24 2.04891e-20 0.994288
1.8 0.0079299 0.000127674 2.93031e-20 5.79207e-24 2.93031e-20 0.991942
1.92 0.011184 0.000127999 4.1537e-20 9.94326e-24 4.1537e-20 0.988688
2.04 0.0156531 0.00012868 5.83423e-20 1.71444e-23 5.83423e-20 0.984218
2.16 0.0217258 0.000130019 8.1182e-20 2.96279e-23 8.1182e-20 0.978144
2.28 0.0298865 0.000132556 1.1188e-19 5.1242e-23 1.1188e-19 0.969981
2.4 0.0407268 0.000137229 1.52666e-19 8.85957e-23 1.52666e-19 0.959136
2.52 0.054951 0.000145658 2.0619e-19 1.52981e-22 2.0619e-19 0.944903
2.64 0.0733696 0.000160615 2.75508e-19 2.63567e-22 2.75508e-19 0.92647
2.76 0.0968748 0.000186783 3.63982e-19 4.52643e-22 3.63982e-19 0.902938
2.88 0.126386 0.000231993 4.75074e-19 7.74066e-22 4.75074e-19 0.873382
3 0.162752 0.00030919 6.11992e-19 1.31667e-21 6.11992e-19 0.836939
3.12 0.206612 0.00043949 7.77146e-19 2.22508e-21 7.77146e-19 0.792948
3.24 0.258206 0.000656906 9.71446e-19 3.73156e-21 9.71446e-19 0.741137
3.36 0.317169 0.00101554 1.19352e-18 6.204e-21 1.19352e-18 0.681816
3.48 0.382353 0.00160063 1.43907e-18 1.02183e-20 1.43907e-18 0.616046
3.6 0.451761 0.0025458 1.70057e-18 1.66701e-20 1.70057e-18 0.545694
3.72 0.522621 0.00406152 1.96759e-18 2.69554e-20 1.96759e-18 0.473317
3.84 0.591653 0.00648555 2.22777e-18 4.32898e-20 2.22777e-18 0.401862
3.96 0.655404 0.0103807 2.46811e-18 6.93308e-20 2.46811e-18 0.334215
4.08 0.710523 0.0167426 2.67597e-18 1.11523e-19 2.67597e-18 0.272734
4.2 0.753652 0.0274746 2.8387e-18 1.82247e-19 2.8387e-18 0.218874
4.32 0.780523 0.0465055 2.94022e-18 3.0742e-19 2.94022e-18 0.172972
4.44 0.783551 0.0822845 2.95191e-18 5.43933e-19 2.95191e-18 0.134164
4.56 0.74753 0.15201 2.81648e-18 1.01062e-18 2.81648e-18 0.100459
4.68 0.648685 0.281812 2.4443e-18 1.89593e-18 2.4443e-18 0.0695021
4.8 0.479325 0.479326 1.80631e-18 3.27935e-18 1.80631e-18 0.0413485
4.92 0.293572 0.686062 1.10642e-18 4.79247e-18 1.10642e-18 0.0203661
5.04 0.159579 0.831594 6.01464e-19 5.95488e-18 6.01464e-19 0.00882738
5.16 0.0845362 0.911746 3.18619e-19 6.71755e-18 3.18619e-19 0.00371768
5.28 0.0459295 0.952438 1.7308e-19 7.23557e-18 1.7308e-19 0.00163198
5.4 0.02598 0.973246 9.78628e-20 7.61686e-18 9.78628e-20 0.000774036
5.52 0.0154699 0.984123 5.82306e-20 7.897e-18 5.82306e-20 0.000406866
5.64 0.0101062 0.989643 3.79971e-20 8.07307e-18 3.79971e-20 0.000250218
5.76 0.0079432 0.991856 2.9815e-20 8.13236e-18 2.9815e-20 0.000200444
5.88 0.00820035 0.991573 3.07162e-20 8.06984e-18 3.07162e-20 0.000226378
6 0.010826 0.988835 4.04596e-20 7.89488e-18 4.04596e-20 0.000338834
6.12 0.0164726 0.982928 6.14146e-20 7.62797e-18 6.14146e-20 0.000598753
6.24 0.0268611 0.971966 9.98872e-20 7.28997e-18 9.98872e-20 0.00117284
6.36 0.0458159 0.951685 1.69913e-19 6.88577e-18 1.69913e-19 0.00249953
6.48 0.0815431 0.912727 3.01615e-19 6.38104e-18 3.01615e-19 0.00573015
6.6 0.149927 0.836381 5.53291e-19 5.67345e-18 5.53291e-19 0.0136925
6.72 0.271612 0.696519 1.0006e-18 4.60875e-18 1.0006e-18 0.0318698
6.84 0.441651 0.492884 1.62499e-18 3.19804e-18 1.62499e-18 0.0654656
6.96 0.597001 0.292072 2.19462e-18 1.86717e-18 2.19462e-18 0.110926
7.08 0.683205 0.156961 2.50979e-18 9.93302e-19 2.50979e-18 0.159834
7.2 0.705884 0.083751 2.5916e-18 5.27165e-19 2.5916e-18 0.210365
7.32 0.688839 0.0463054 2.52773e-18 2.90999e-19 2.52773e-18 0.264855
7.44 0.648345 0.0266302 2.378e-18 1.6736e-19 2.378e-18 0.325025
7.56 0.593428 0.01575 2.1756e-18 9.89229e-20 2.1756e-18 0.390822
7.68 0.529829 0.00946298 1.94159e-18 5.92469e-20 1.94159e-18 0.460708
7.8 0.462058 0.00572817 1.69251e-18 3.55919e-20 1.69251e-18 0.532214
7.92 0.393996 0.00348027 1.44257e-18 2.13157e-20 1.44257e-18 0.602524
8.04 0.328872 0.00212332 1.2036e-18 1.26858e-20 1.2036e-18 0.669005
8.16 0.269095 0.00130681 9.84373e-19 7.49246e-21 9.84373e-19 0.729599
8.28 0.216171 0.000818681 7.90386e-19 4.39077e-21 7.90386e-19 0.78301
8.4 0.17076 0.000529211 6.24012e-19 2.55428e-21 6.24012e-19 0.828711
8.52 0.132834 0.000359011 4.85125e-19 1.47627e-21 4.85125e-19 0.866807
8.64 0.101889 0.000259787 3.71853e-19 8.4849e-22 3.71853e-19 0.897851
8.76 0.0771466 0.000202423 2.81322e-19 4.85446e-22 2.81322e-19 0.922651
8.88 0.0577107 0.000169532 2.10237e-19 2.76732e-22 2.10237e-19 0.94212
9 0.0426824 0.000150832 1.55296e-19 1.5732e-22 1.55296e-19 0.957167
9.12 0.0312279 0.000140297 1.13439e-19 8.9264e-23 1.13439e-19 0.968632
9.24 0.0226126 0.000134421 8.19709e-20 5.05931e-23 8.19709e-20 0.977253
9.36 0.0162135 0.000131183 5.86095e-20 2.86691e-23 5.86095e-20 0.983655
9.48 0.0115173 0.000129424 4.14735e-20 1.626e-23 4.14735e-20 0.988353
9.6 0.00811058 0.000128487 2.90496e-20 9.24427e-24 2.90496e-20 0.991761
9.72 0.00566712 0.000127999 2.01438e-20 5.28068e-24 2.01438e-20 0.994205
9.84 0.00393383 0.000127755 1.38303e-20 3.04232e-24 1.38303e-20 0.995938
9.96 0.00271761 0.000127638 9.4033e-21 1.77844e-24 9.4033e-21 0.997155
10.08 0.00187325 0.000127587 6.33209e-21 1.06477e-24 6.33209e-21 0.997999
10.2 0.00129317 0.000127568 4.22381e-21 6.61724e-25 4.22381e-21 0.998579
10.32 0.000898716 0.000127564 2.79142e-21 4.34048e-25 2.79142e-21 0.998974
10.44 0.000633177 0.000127566 1.82807e-21 3.05403e-25 1.82807e-21 0.999239
10.56 0.000456173 0.000127571 1.18657e-21 2.32697e-25 1.18657e-21 0.999416
10.68 0.000339315 0.000127575 7.63523e-22 1.91598e-25 7.63523e-22 0.999533
10.8 0.000262889 0.000127578 4.87183e-22 1.68366e-25 4.87183e-22 0.99961
10.92 0.000213363 0.000127581 3.08349e-22 1.55236e-25 3.08349e-22 0.999659
11.04 0.00018156 0.000127583 1.93676e-22 1.4782e-25 1.93676e-22 0.999691
11.16 0.000161324 0.000127584 1.20829e-22 1.43635e-25 1.20829e-22 0.999711
11.28 0.000148577 0.000127585 7.50161e-23 1.41279e-25 7.50161e-23 0.999724
11.4 0.000140647 0.000127586 4.65669e-23 1.39958e-25 4.65669e-23 0.999732
11.52 0.000135812 0.000127586 2.92542e-23 1.39225e-25 2.92542e-23 0.999737
11.64 0.000132989 0.000127587 1.91619e-23 1.3883e-25 1.91619e-23 0.999739
11.76 0.000131526 0.000127587 1.39388e-23 1.38638e-25 1.39388e-23 0.999741
11.88 0.000131076 0.000127587 1.23338e-23 1.38581e-25 1.23338e-23 0.999741
