0 0.000141084 0.000127586 4.91703e-23 1.39507e-25 4.91703e-23 0.999731
0.12 0.000142749 0.000127586 5.52861e-23 1.39744e-25 5.52861e-23 0.99973
0.24 0.000148096 0.000127585 7.49331e-23 1.40532e-25 7.49331e-23 0.999724
0.36 0.000158262 0.000127584 1.12314e-22 1.42139e-25 1.12314e-22 0.999714
0.48 0.000175367 0.000127583 1.7527e-22 1.45107e-25 1.7527e-22 0.999697
0.6 0.000202877 0.000127581 2.76628e-22 1.5043e-25 2.76628e-22 0.99967
0.72 0.00024617 0.000127578 4.36308e-22 1.5989e-25 4.36308e-22 0.999626
0.84 0.000313382 0.000127573 6.84452e-22 1.76638e-25 6.84452e-22 0.999559
0.96 0.0004166 0.000127567 1.06588e-21 2.06243e-25 1.06588e-21 0.999456
1.08 0.000573545 0.00012756 1.64634e-21 2.58539e-25 1.64634e-21 0.999299
1.2 0.000809862 0.000127551 2.52102e-21 3.50883e-25 2.52102e-21 0.999063
1.32 0.00116221 0.000127544 3.82608e-21 5.13919e-25 3.82608e-21 0.99871
1.44 0.00168232 0.00012754 5.75375e-21 8.01744e-25 5.75375e-21 0.99819
1.56 0.0024423 0.000127551 8.57203e-21 1.30986e-24 8.57203e-21 0.99743
1.68 0.00354126 0.000127595 1.26496e-20 2.2068e-24 1.26496e-20 0.996331
1.8 0.00511367 0.000127709 1.84866e-20 3.78984e-24 1.84866e-20 0.994759
1.92 0.00733935 0.000127963 2.67522e-20 6.58291e-24 2.67522e-20 0.992533
2.04 0.0104552 0.000128486 3.83286e-20 1.15082e-23 3.83286e-20 0.989416
2.16 0.0147686 0.000129512 5.436e-20 2.01863e-23 5.436e-20 0.985102
2.28 0.0206714 0.00013146 7.63064e-20 3.54576e-23 7.63064e-20 0.979197
2.4 0.028654 0.000135071 1.05995e-19 6.2285e-23 1.05995e-19 0.971211
2.52 0.0393168 0.000141646 1.45664e-19 1.09304e-22 1.45664e-19 0.960542
2.64 0.0533752 0.00015344 1.9798e-19 1.9146e-22 1.9798e-19 0.946472
2.76 0.0716533 0.000174335 2.66019e-19 3.34453e-22 2.66019e-19 0.928172
2.88 0.0950571 0.000210947 3.5316e-19 5.82112e-22 3.5316e-19 0.904732
3 0.124516 0.000274437 4.62876e-19 1.00848e-21 4.62876e-19 0.875209
3.12 0.160885 0.00038343 5.9836e-19 1.73723e-21 5.9836e-19 0.838732
3.24 0.204791 0.000568644 7.61968e-19 2.97242e-21 7.61968e-19 0.794641
3.36 0.256443 0.00088016 9.54497e-19 5.04636e-21 9.54497e-19 0.742676
3.48 0.315419 0.00139879 1.17439e-18 8.49373e-21 1.17439e-18 0.683182
3.6 0.380483 0.00225405 1.41706e-18 1.41673e-20 1.41706e-18 0.617263
3.72 0.449509 0.00365366 1.6746e-18 2.34249e-20 1.6746e-18 0.546837
3.84 0.519563 0.00593503 1.9361e-18 3.84528e-20 1.9361e-18 0.474501
3.96 0.587131 0.00966325 2.18845e-18 6.2882e-20 2.18845e-18 0.403206
4.08 0.64839 0.0158365 2.4174e-18 1.03092e-19 2.4174e-18 0.335774
4.2 0.699257 0.0263505 2.60773e-18 1.71221e-19 2.60773e-18 0.274393
4.32 0.734737 0.0450892 2.74077e-18 2.9238e-19 2.74077e-18 0.220174
4.44 0.746813 0.0803569 2.7866e-18 5.21168e-19 2.7866e-18 0.17283
4.56 0.720388 0.14904 2.68881e-18 9.71164e-19 2.68881e-18 0.130572
4.68 0.63202 0.27701 2.35979e-18 1.82332e-18 2.35979e-18 0.0909698
4.8 0.472772 0.472771 1.76595e-18 3.15887e-18 1.76595e-18 0.0544569
4.92 0.293241 0.679822 1.09596e-18 4.63169e-18 1.09596e-18 0.0269361
5.04 0.161384 0.826939 6.0361e-19 5.77203e-18 6.0361e-19 0.0116769
5.16 0.0866148 0.908487 3.24256e-19 6.52725e-18 3.24256e-19 0.00489832
5.28 0.0477423 0.950123 1.78907e-19 7.051e-18 1.78907e-19 0.00213472
5.4 0.0273891 0.971611 1.02728e-19 7.45352e-18 1.02728e-19 0.00100053
5.52 0.0164333 0.983054 6.1678e-20 7.77285e-18 6.1678e-20 0.000512659
5.64 0.0106029 0.989101 3.98101e-20 8.00543e-18 3.98101e-20 0.000296072
5.76 0.00794991 0.991841 2.98506e-20 8.13303e-18 2.98506e-20 0.000209291
5.88 0.00767511 0.992122 2.88112e-20 8.14104e-18 2.88112e-20 0.000202835
6 0.00968349 0.990044 3.63306e-20 8.02865e-18 3.63306e-20 0.000272846
6.12 0.014535 0.985008 5.44876e-20 7.80965e-18 5.44876e-20 0.000457437
6.24 0.0237489 0.97538 8.8931e-20 7.50408e-18 8.8931e-20 0.000871425
6.36 0.0407029 0.957478 1.52218e-19 7.12222e-18 1.52218e-19 0.0018192
6.48 0.0726826 0.923214 2.71432e-19 6.641e-18 2.71432e-19 0.0041031
6.6 0.134283 0.855979 5.00818e-19 5.97311e-18 5.00818e-19 0.00973838
6.72 0.247115 0.729971 9.2064e-19 4.96487e-18 9.2064e-19 0.0229143
6.84 0.4158 0.535588 1.54785e-18 3.56828e-18 1.54785e-18 0.0486124
6.96 0.586488 0.327731 2.18198e-18 2.14872e-18 2.18198e-18 0.0857802
7.08 0.693868 0.178656 2.5803e-18 1.15815e-18 2.5803e-18 0.127476
7.2 0.733222 0.0955026 2.7256e-18 6.1532e-19 2.7256e-18 0.171275
7.32 0.727981 0.0527629 2.70518e-18 3.39452e-19 2.70518e-18 0.219256
7.44 0.696072 0.0303996 2.58576e-18 1.95816e-19 2.58576e-18 0.273528
7.56 0.647238 0.0180752 2.4036e-18 1.16599e-19 2.4036e-18 0.334686
7.68 0.587241 0.010945 2.18013e-18 7.05762e-20 2.18013e-18 0.401814
7.8 0.520479 0.00668405 1.93169e-18 4.29266e-20 1.93169e-18 0.472836
7.92 0.450913 0.00409537 1.67298e-18 2.60474e-20 1.67298e-18 0.544992
8.04 0.382131 0.00251498 1.41734e-18 1.57049e-20 1.41734e-18 0.615354
8.16 0.317128 0.00155255 1.17584e-18 9.39135e-21 1.17584e-18 0.681319
8.28 0.258082 0.00097036 9.5657e-19 5.56699e-21 9.5657e-19 0.740947
8.4 0.206277 0.000621276 7.64251e-19 3.27222e-21 7.64251e-19 0.793102
8.52 0.162175 0.00041398 6.00585e-19 1.90864e-21 6.00585e-19 0.837411
8.64 0.125598 0.000292085 4.64888e-19 1.10585e-21 4.64888e-19 0.87411
8.76 0.095938 0.000221099 3.54887e-19 6.37106e-22 3.54887e-19 0.903841
8.88 0.0723538 0.000180155 2.67445e-19 3.65363e-22 2.67445e-19 0.927466
9 0.0539207 0.000156767 1.99123e-19 2.08765e-22 1.99123e-19 0.945923
9.12 0.0397339 0.000143543 1.46556e-19 1.18961e-22 1.46556e-19 0.960123
9.24 0.0289678 0.000136151 1.06677e-19 6.76607e-23 1.06677e-19 0.970896
9.36 0.0209039 0.000132073 7.6818e-20 3.84444e-23 7.6818e-20 0.978964
9.48 0.0149384 0.000129859 5.47371e-20 2.18436e-23 5.47371e-20 0.984932
9.6 0.0105776 0.000128683 3.8602e-20 1.2427e-23 3.8602e-20 0.989294
9.72 0.00742634 0.000128074 2.69474e-20 7.09194e-24 2.69474e-20 0.992446
9.84 0.00517473 0.000127772 1.86238e-20 4.0718e-24 1.86238e-20 0.994698
9.96 0.00358357 0.00012763 1.27446e-20 2.36299e-24 1.27446e-20 0.996289
10.08 0.00247125 0.000127571 8.63684e-21 1.39641e-24 8.63684e-21 0.997401
10.2 0.00170188 0.000127551 5.79729e-21 8.49738e-25 5.79729e-21 0.998171
10.32 0.00117525 0.00012755 3.85486e-21 5.40556e-25 3.85486e-21 0.998697
10.44 0.000818439 0.000127555 2.53972e-21 3.65686e-25 2.53972e-21 0.999054
10.56 0.000579095 0.000127562 1.65822e-21 2.6678e-25 1.65822e-21 0.999293
10.68 0.000420111 0.000127568 1.07318e-21 2.10842e-25 1.07318e-21 0.999452
10.8 0.000315512 0.000127574 6.88627e-22 1.7921e-25 6.88627e-22 0.999557
10.92 0.000247337 0.000127578 4.38242e-22 1.61331e-25 4.38242e-22 0.999625
11.04 0.000203312 0.000127581 2.76733e-22 1.51232e-25 2.76733e-22 0.999669
11.16 0.000175148 0.000127583 1.73538e-22 1.45535e-25 1.73538e-22 0.999697
11.28 0.000157313 0.000127584 1.08275e-22 1.4233e-25 1.08275e-22 0.999715
11.4 0.000146162 0.000127585 6.7527e-23 1.40534e-25 6.7527e-23 0.999726
11.52 0.00013933 0.000127586 4.26007e-23 1.39538e-25 4.26007e-23 0.999733
11.64 0.000135323 0.000127586 2.7998e-23 1.39002e-25 2.7998e-23 0.999737
11.76 0.000133237 0.000127586 2.04051e-23 1.38741e-25 2.04051e-23 0.999739
11.88 0.000132593 0.000127587 1.806e-23 1.38663e-25 1.806e-23 0.99974
