0 0.000140431 0.000127586 4.66837e-23 1.39462e-25 4.66837e-23 0.999732
0.12 0.000142015 0.000127586 5.24903e-23 1.39689e-25 5.24903e-23 0.99973
0.24 0.00014711 0.000127585 7.11709e-23 1.40445e-25 7.11709e-23 0.999725
0.36 0.000156806 0.000127584 1.06753e-22 1.41987e-25 1.06753e-22 0.999716
0.48 0.000173139 0.000127583 1.66749e-22 1.44836e-25 1.66749e-22 0.999699
0.6 0.000199436 0.000127581 2.6345e-22 1.4995e-25 2.6345e-22 0.999673
0.72 0.000240865 0.000127578 4.15964e-22 1.59042e-25 4.15964e-22 0.999632
0.84 0.000305253 0.000127574 6.53239e-22 1.75147e-25 6.53239e-22 0.999567
0.96 0.000404243 0.000127569 1.01838e-21 2.03632e-25 1.01838e-21 0.999468
1.08 0.000554924 0.000127562 1.57467e-21 2.53978e-25 1.57467e-21 0.999318
1.2 0.000782061 0.000127554 2.4139e-21 3.4293e-25 2.4139e-21 0.99909
1.32 0.0011211 0.000127546 3.66749e-21 5.00072e-25 3.66749e-21 0.998751
1.44 0.00162212 0.000127544 5.52127e-21 7.77669e-25 5.52127e-21 0.99825
1.56 0.00235503 0.000127555 8.23463e-21 1.26805e-24 8.23463e-21 0.997517
1.68 0.00341604 0.000127599 1.21649e-20 2.13425e-24 1.21649e-20 0.996456
1.8 0.00493588 0.000127712 1.77976e-20 3.66413e-24 1.77976e-20 0.994936
1.92 0.00708958 0.000127962 2.57832e-20 6.36538e-24 2.57832e-20 0.992782
2.04 0.0101081 0.000128475 3.69804e-20 1.11324e-23 3.69804e-20 0.989763
2.16 0.0142917 0.000129479 5.2505e-20 1.95385e-23 5.2505e-20 0.985579
2.28 0.0200234 0.000131385 7.37828e-20 3.43437e-23 7.37828e-20 0.979845
2.4 0.027784 0.000134919 1.02602e-19 6.03765e-23 1.02602e-19 0.972081
2.52 0.0381628 0.000141354 1.41156e-19 1.06048e-22 1.41156e-19 0.961696
2.64 0.0518645 0.000152901 1.9207e-19 1.85938e-22 1.9207e-19 0.947982
2.76 0.0697031 0.000173372 2.58375e-19 3.2515e-22 2.58375e-19 0.930123
2.88 0.0925781 0.000209271 3.43423e-19 5.66576e-22 3.43423e-19 0.907212
3 0.121419 0.000271586 4.50683e-19 9.82809e-22 4.50683e-19 0.878309
3.12 0.157091 0.00037869 5.83383e-19 1.69537e-21 5.83383e-19 0.84253
3.24 0.200247 0.000560942 7.43973e-19 2.90521e-21 7.43973e-19 0.799192
3.36 0.251143 0.000867949 9.33415e-19 4.94041e-21 9.33415e-19 0.747989
3.48 0.309417 0.00137993 1.15039e-18 8.3302e-21 1.15039e-18 0.689203
3.6 0.373911 0.00222575 1.39061e-18 1.39208e-20 1.39061e-18 0.623864
3.72 0.442573 0.00361245 1.64645e-18 2.30625e-20 1.64645e-18 0.553815
3.84 0.512526 0.00587685 1.90723e-18 3.79337e-20 1.90723e-18 0.481597
3.96 0.580279 0.00958357 2.15995e-18 6.21552e-20 2.15995e-18 0.410138
4.08 0.64199 0.0157301 2.39031e-18 1.02091e-19 2.39031e-18 0.34228
4.2 0.693521 0.0262103 2.58289e-18 1.6984e-19 2.58289e-18 0.280268
4.32 0.729815 0.0449019 2.71883e-18 2.90413e-19 2.71883e-18 0.225284
4.44 0.742807 0.0800933 2.76806e-18 5.18152e-19 2.76806e-18 0.177099
4.56 0.717403 0.148641 2.67426e-18 9.66087e-19 2.67426e-18 0.133955
4.68 0.630174 0.276405 2.34998e-18 1.81448e-18 2.34998e-18 0.0934205
4.8 0.472013 0.472014 1.76099e-18 3.14499e-18 1.76099e-18 0.0559735
4.92 0.293157 0.679141 1.09439e-18 4.61368e-18 1.09439e-18 0.0277028
5.04 0.161533 0.826457 6.03525e-19 5.7518e-18 6.03525e-19 0.0120103
5.16 0.0868041 0.90816 3.24657e-19 6.50615e-18 3.24657e-19 0.00503619
5.28 0.0479164 0.94989 1.79414e-19 7.03016e-18 1.79414e-19 0.00219322
5.4 0.027532 0.971441 1.03197e-19 7.43433e-18 1.03197e-19 0.00102687
5.52 0.016539 0.982936 6.20445e-20 7.75704e-18 6.20445e-20 0.000525132
5.64 0.010668 0.98903 4.00425e-20 7.99484e-18 4.00425e-20 0.000301831
5.76 0.00797251 0.991816 2.99324e-20 8.12914e-18 2.99324e-20 0.000211128
5.88 0.00765378 0.992144 2.87342e-20 8.14449e-18 2.87342e-20 0.000201558
6 0.00961683 0.990115 3.60917e-20 8.03897e-18 3.60917e-20 0.000267914
6.12 0.0144207 0.985133 5.40859e-20 7.82549e-18 5.40859e-20 0.000446538
6.24 0.0235819 0.975569 8.83644e-20 7.52366e-18 8.83644e-20 0.000848534
6.36 0.040471 0.95776 1.51476e-19 7.14391e-18 1.51476e-19 0.00176897
6.48 0.0723602 0.923654 2.70493e-19 6.66363e-18 2.70493e-19 0.00398581
6.6 0.133837 0.856709 4.99705e-19 5.9961e-18 4.99705e-19 0.00945447
6.72 0.246598 0.731153 9.19814e-19 4.98769e-18 9.19814e-19 0.0222491
6.84 0.415637 0.537113 1.54919e-18 3.58881e-18 1.54919e-18 0.0472497
6.96 0.587424 0.329069 2.1883e-18 2.1635e-18 2.1883e-18 0.0835059
7.08 0.696194 0.179525 2.5924e-18 1.16689e-18 2.5924e-18 0.124282
7.2 0.736769 0.0960171 2.7425e-18 6.20251e-19 2.7425e-18 0.167214
7.32 0.732543 0.0530804 2.72588e-18 3.424e-19 2.72588e-18 0.214376
7.44 0.701492 0.0306104 2.60953e-18 1.97725e-19 2.60953e-18 0.267898
7.56 0.653348 0.0182219 2.42972e-18 1.17902e-19 2.42972e-18 0.32843
7.68 0.593826 0.0110488 2.20773e-18 7.14828e-20 2.20773e-18 0.395125
7.8 0.527278 0.00675697 1.95975e-18 4.35557e-20 1.95975e-18 0.465965
7.92 0.457643 0.0041457 1.70044e-18 2.64776e-20 1.70044e-18 0.538211
8.04 0.388532 0.00254892 1.44321e-18 1.59932e-20 1.44321e-18 0.608919
8.16 0.322992 0.00157486 1.19937e-18 9.58036e-21 1.19937e-18 0.675434
8.28 0.263273 0.000984664 9.77279e-19 5.68829e-21 9.77279e-19 0.735743
8.4 0.210733 0.000630231 7.81953e-19 3.34854e-21 7.81953e-19 0.788637
8.52 0.1659 0.000419461 6.15329e-19 1.95583e-21 6.15329e-19 0.833681
8.64 0.12864 0.000295369 4.76895e-19 1.13459e-21 4.76895e-19 0.871064
8.76 0.0983734 0.000223026 3.64474e-19 6.54391e-22 3.64474e-19 0.901404
8.88 0.0742689 0.000181261 2.74968e-19 3.75649e-22 2.74968e-19 0.92555
9 0.0554032 0.000157387 2.04935e-19 2.14834e-22 2.04935e-19 0.944439
9.12 0.0408652 0.000143881 1.50984e-19 1.22517e-22 1.50984e-19 0.958991
9.24 0.0298198 0.000136329 1.10007e-19 6.97325e-23 1.10007e-19 0.970044
9.36 0.0215375 0.000132162 7.92906e-20 3.96463e-23 7.92906e-20 0.97833
9.48 0.0154041 0.000129901 5.65519e-20 2.25385e-23 5.65519e-20 0.984466
9.6 0.0109159 0.000128699 3.99188e-20 1.28276e-23 3.99188e-20 0.988955
9.72 0.00766944 0.000128079 2.78923e-20 7.3224e-24 2.78923e-20 0.992202
9.84 0.00534748 0.000127771 1.92944e-20 4.20416e-24 1.92944e-20 0.994525
9.96 0.00370501 0.000127627 1.32155e-20 2.43891e-24 1.32155e-20 0.996167
10.08 0.00255572 0.000127568 8.96404e-21 1.4399e-24 8.96404e-21 0.997317
10.2 0.00176004 0.000127548 6.0223e-21 8.74625e-25 6.0223e-21 0.998112
10.32 0.00121488 0.000127547 4.00804e-21 5.54782e-25 4.00804e-21 0.998658
10.44 0.000845181 0.000127553 2.64296e-21 3.73809e-25 2.64296e-21 0.999027
10.56 0.000596964 0.000127561 1.72713e-21 2.71412e-25 1.72713e-21 0.999275
10.68 0.000431939 0.000127568 1.11874e-21 2.13478e-25 1.11874e-21 0.999441
10.8 0.00032327 0.000127573 7.18478e-22 1.80707e-25 7.18478e-22 0.999549
10.92 0.000252381 0.000127577 4.57624e-22 1.62178e-25 4.57624e-22 0.99962
11.04 0.000206564 0.000127581 2.89213e-22 1.51709e-25 2.89213e-22 0.999666
11.16 0.000177229 0.000127583 1.81513e-22 1.45803e-25 1.81513e-22 0.999695
11.28 0.000158637 0.000127584 1.13341e-22 1.42478e-25 1.13341e-22 0.999714
11.4 0.000147002 0.000127585 7.07401e-23 1.40615e-25 7.07401e-23 0.999725
11.52 0.00013987 0.000127586 4.46583e-23 1.39582e-25 4.46583e-23 0.999733
11.64 0.000135682 0.000127586 2.93658e-23 1.39026e-25 2.93658e-23 0.999737
11.76 0.000133501 0.000127586 2.14075e-23 1.38755e-25 2.14075e-23 0.999739
11.88 0.000132826 0.000127587 1.8947e-23 1.38674e-25 1.8947e-23 0.99974
