0 3.52247e-13 3.27841e-13 7.56929e-06 5.08201e-08 7.56929e-06 0.999985
0.12 3.5519e-13 3.2784e-13 8.49001e-06 5.087e-08 8.49001e-06 0.999983
0.24 3.64647e-13 3.27839e-13 1.14496e-05 5.10366e-08 1.14496e-05 0.999977
0.36 3.82607e-13 3.27836e-13 1.70759e-05 5.13756e-08 1.70759e-05 0.999966
0.48 4.1277e-13 3.27832e-13 2.65363e-05 5.2e-08 2.65363e-05 0.999947
0.6 4.6117e-13 3.27826e-13 4.17366e-05 5.31154e-08 4.17366e-05 0.999916
0.72 5.37154e-13 3.27817e-13 6.56311e-05 5.50861e-08 6.56311e-05 0.999869
0.84 6.54825e-13 3.27803e-13 0.000102681 5.85516e-08 0.000102681 0.999795
0.96 8.35096e-13 3.27784e-13 0.000159508 6.46308e-08 0.000159508 0.999681
1.08 1.10856e-12 3.27758e-13 0.000245804 7.52803e-08 0.000245804 0.999508
1.2 1.51941e-12 3.27725e-13 0.000375582 9.39213e-08 0.000375582 0.999249
1.32 2.13067e-12 3.27687e-13 0.000568839 1.26535e-07 0.000568839 0.998862
1.44 3.03114e-12 3.2765e-13 0.000853765 1.8358e-07 0.000853765 0.998292
1.56 4.34431e-12 3.27629e-13 0.00126959 2.83342e-07 0.00126959 0.997461
1.68 6.23963e-12 3.27662e-13 0.00187016 4.57781e-07 0.00187016 0.996259
1.8 8.94656e-12 3.2782e-13 0.00272846 7.62729e-07 0.00272846 0.994542
1.92 1.27713e-11 3.28244e-13 0.00394189 1.29564e-06 0.00394189 0.992115
2.04 1.81166e-11 3.29197e-13 0.00563862 2.22635e-06 0.00563862 0.98872
2.16 2.55036e-11 3.3116e-13 0.0079846 3.85037e-06 0.0079846 0.984027
2.28 3.55952e-11 3.34995e-13 0.011191 6.68036e-06 0.011191 0.977611
2.4 4.92183e-11 3.42226e-13 0.0155213 1.16027e-05 0.0155213 0.968946
2.52 6.73809e-11 3.55512e-13 0.0212969 2.01431e-05 0.0212969 0.957386
2.64 9.12774e-11 3.79438e-13 0.0288988 3.49121e-05 0.0288988 0.942167
2.76 1.22271e-10 4.21828e-13 0.0387621 6.0345e-05 0.0387621 0.922415
2.88 1.61841e-10 4.95876e-13 0.051359 0.000103911 0.051359 0.897178
3 2.11468e-10 6.23574e-13 0.0671635 0.000178057 0.0671635 0.865495
3.12 2.72457e-10 8.41131e-13 0.0865932 0.00030328 0.0865932 0.82651
3.24 3.45665e-10 1.20738e-12 0.109924 0.000512876 0.109924 0.779639
3.36 4.31173e-10 1.81673e-12 0.137186 0.000860215 0.137186 0.724768
3.48 5.2795e-10 2.81903e-12 0.168053 0.00142976 0.168053 0.662463
3.6 6.33595e-10 4.45054e-12 0.201765 0.00235411 0.201765 0.594115
3.72 7.443e-10 7.08464e-12 0.237111 0.00384131 0.237111 0.521937
3.84 8.55085e-10 1.13205e-11 0.272505 0.00622255 0.272505 0.448768
3.96 9.60274e-10 1.81538e-11 0.306138 0.010044 0.306138 0.37768
4.08 1.05398e-09 2.93388e-11 0.336134 0.0162641 0.336134 0.311468
4.2 1.13018e-09 4.82141e-11 0.360565 0.0267126 0.360565 0.252157
4.32 1.18154e-09 8.16462e-11 0.377089 0.0451957 0.377089 0.200626
4.44 1.19584e-09 1.44358e-10 0.381805 0.0800174 0.381805 0.156372
4.56 1.14917e-09 2.66205e-10 0.367059 0.148408 0.367059 0.117473
4.68 1.00341e-09 4.91976e-10 0.32066 0.277267 0.32066 0.0814127
4.8 7.44012e-10 8.31459e-10 0.23791 0.475821 0.23791 0.0483583
4.92 4.54762e-10 1.1746e-09 0.145538 0.685289 0.145538 0.0236346
5.04 2.45635e-10 1.39371e-09 0.0787008 0.832498 0.0787008 0.0101009
5.16 1.29088e-10 1.48639e-09 0.0414198 0.912986 0.0414198 0.00417456
5.28 6.954e-11 1.50447e-09 0.0223495 0.953511 0.0223495 0.00179029
5.4 3.88814e-11 1.48765e-09 0.012516 0.974145 0.012516 0.0008226
5.52 2.25721e-11 1.45844e-09 0.00727591 0.985039 0.00727591 0.000408863
5.64 1.38164e-11 1.42973e-09 0.00445808 0.99086 0.00445808 0.00022302
5.76 9.46105e-12 1.40936e-09 0.00305461 0.993749 0.00305461 0.000141417
5.88 8.09939e-12 1.40182e-09 0.00261549 0.994651 0.00261549 0.000117533
6 9.31487e-12 1.40865e-09 0.00300741 0.993846 0.00300741 0.000138943
6.12 1.34772e-11 1.42846e-09 0.00434865 0.991086 0.00434865 0.000216737
6.24 2.19227e-11 1.45694e-09 0.00706663 0.985472 0.00706663 0.000394925
6.36 3.7668e-11 1.48647e-09 0.0121255 0.974958 0.0121255 0.000790917
6.48 6.72144e-11 1.50452e-09 0.021602 0.955082 0.021602 0.001714
6.6 1.24496e-10 1.48933e-09 0.0399455 0.916126 0.0399455 0.00398338
6.72 2.36748e-10 1.40233e-09 0.0758497 0.838668 0.0758497 0.00963282
6.84 4.3998e-10 1.19141e-09 0.140796 0.695765 0.140796 0.0226423
6.96 7.2683e-10 8.52844e-10 0.232392 0.488413 0.232392 0.0468032
7.08 9.91144e-10 5.0888e-10 0.316704 0.286935 0.316704 0.0796574
7.2 1.14352e-09 2.75954e-10 0.36521 0.153876 0.36521 0.115705
7.32 1.19462e-09 1.49378e-10 0.381365 0.0827929 0.381365 0.154478
7.44 1.18285e-09 8.42489e-11 0.37746 0.0466222 0.37746 0.198458
7.56 1.13307e-09 4.9636e-11 0.361437 0.0274898 0.361437 0.249636
7.68 1.05793e-09 3.01589e-11 0.337347 0.0167131 0.337347 0.308592
7.8 9.64951e-10 1.86454e-11 0.307586 0.0103142 0.307586 0.374513
7.92 8.60193e-10 1.16215e-11 0.274094 0.00638874 0.274094 0.445423
8.04 7.49554e-10 7.27058e-12 0.238751 0.00394432 0.238751 0.518554
8.16 6.38734e-10 4.56533e-12 0.203373 0.00241786 0.203373 0.590836
8.28 5.32759e-10 2.88948e-12 0.16956 0.00146896 0.16956 0.659411
8.4 4.35502e-10 1.8596e-12 0.138544 0.000884099 0.138544 0.722029
8.52 3.49429e-10 1.2332e-12 0.111106 0.000527285 0.111106 0.777261
8.64 2.75636e-10 8.56517e-13 0.0875917 0.000311887 0.0875917 0.824505
8.76 2.14085e-10 6.32645e-13 0.0679858 0.000183154 0.0679858 0.863845
8.88 1.63948e-10 5.01166e-13 0.0520212 0.000106905 0.0520212 0.895851
9 1.23936e-10 4.24879e-13 0.0392854 6.20917e-05 0.0392854 0.921367
9.12 9.2571e-11 3.81177e-13 0.0293053 3.59257e-05 0.0293053 0.941353
9.24 6.83709e-11 3.5649e-13 0.021608 2.07286e-05 0.021608 0.956763
9.36 4.99655e-11 3.42768e-13 0.0157561 1.19398e-05 0.0157561 0.968476
9.48 3.6152e-11 3.3529e-13 0.0113659 6.87389e-06 0.0113659 0.977261
9.6 2.59134e-11 3.31316e-13 0.00811333 3.96126e-06 0.00811333 0.983769
9.72 1.84148e-11 3.29277e-13 0.00573225 2.28981e-06 0.00573225 0.988533
9.84 1.29858e-11 3.28283e-13 0.00400921 1.33191e-06 0.00400921 0.99198
9.96 9.09908e-12 3.27838e-13 0.00277632 7.83453e-07 0.00277632 0.994447
10.08 6.34693e-12 3.27669e-13 0.00190382 4.69617e-07 0.00190382 0.996192
10.2 4.41899e-12 3.27631e-13 0.001293 2.90101e-07 0.001293 0.997414
10.32 3.08258e-12 3.27649e-13 0.000869882 1.8744e-07 0.000869882 0.99826
10.44 2.16573e-12 3.27686e-13 0.000579816 1.2874e-07 0.000579816 0.99884
10.56 1.54305e-12 3.27724e-13 0.000382977 9.5181e-08 0.000382977 0.999234
10.68 1.12431e-12 3.27757e-13 0.000250729 7.60003e-08 0.000250729 0.999498
10.8 8.45445e-13 3.27783e-13 0.000162741 6.50425e-08 0.000162741 0.999674
10.92 6.61478e-13 3.27802e-13 0.000104759 5.87871e-08 0.000104759 0.99979
11.04 5.41252e-13 3.27816e-13 6.69109e-05 5.52205e-08 6.69109e-05 0.999866
11.16 4.63429e-13 3.27826e-13 4.24433e-05 5.3191e-08 4.24433e-05 0.999915
11.28 4.13575e-13 3.27832e-13 2.67911e-05 5.20398e-08 2.67911e-05 0.999946
11.4 3.82057e-13 3.27837e-13 1.69098e-05 5.13904e-08 1.69098e-05 0.999966
11.52 3.62547e-13 3.27839e-13 1.08024e-05 5.10283e-08 1.08024e-05 0.999978
11.64 3.50997e-13 3.27841e-13 7.19173e-06 5.08326e-08 7.19173e-06 0.999986
11.76 3.44942e-13 3.27842e-13 5.30075e-06 5.07369e-08 5.30075e-06 0.999989
11.88 3.43062e-13 3.27842e-13 4.71392e-06 5.07083e-08 4.71392e-06 0.999991
