0 3.52529e-13 3.27841e-13 7.66091e-06 5.08215e-08 7.66091e-06 0.999985
0.12 3.55507e-13 3.2784e-13 8.59282e-06 5.08719e-08 8.59282e-06 0.999983
0.24 3.65071e-13 3.27839e-13 1.15875e-05 5.10399e-08 1.15875e-05 0.999977
0.36 3.8323e-13 3.27836e-13 1.72789e-05 5.13819e-08 1.72789e-05 0.999965
0.48 4.1372e-13 3.27832e-13 2.68465e-05 5.20117e-08 2.68465e-05 0.999946
0.6 4.62633e-13 3.27826e-13 4.22154e-05 5.31366e-08 4.22154e-05 0.999916
0.72 5.39404e-13 3.27816e-13 6.63687e-05 5.51241e-08 6.63687e-05 0.999867
0.84 6.58265e-13 3.27802e-13 0.000103811 5.86189e-08 0.000103811 0.999792
0.96 8.40316e-13 3.27783e-13 0.000161224 6.4749e-08 0.000161224 0.999678
1.08 1.11641e-12 3.27757e-13 0.00024839 7.5487e-08 0.00024839 0.999503
1.2 1.53111e-12 3.27724e-13 0.00037944 9.4281e-08 0.00037944 0.999241
1.32 2.14795e-12 3.27685e-13 0.000574542 1.27159e-07 0.000574542 0.998851
1.44 3.05639e-12 3.27647e-13 0.000862114 1.84661e-07 0.000862114 0.998276
1.56 4.38085e-12 3.27625e-13 0.00128168 2.85211e-07 0.00128168 0.997436
1.68 6.29198e-12 3.27657e-13 0.00188752 4.61006e-07 0.00188752 0.996225
1.8 9.02077e-12 3.27815e-13 0.00275309 7.68286e-07 0.00275309 0.994493
1.92 1.28754e-11 3.28239e-13 0.00397649 1.30519e-06 0.00397649 0.992046
2.04 1.8261e-11 3.29195e-13 0.00568669 2.24276e-06 0.00568669 0.988624
2.16 2.57017e-11 3.31166e-13 0.00805064 3.87846e-06 0.00805064 0.983895
2.28 3.58638e-11 3.35018e-13 0.0112807 6.72832e-06 0.0112807 0.977432
2.4 4.95783e-11 3.42282e-13 0.0156417 1.16843e-05 0.0156417 0.968705
2.52 6.78573e-11 3.55629e-13 0.0214565 2.0281e-05 0.0214565 0.957067
2.64 9.18993e-11 3.79666e-13 0.0291075 3.51439e-05 0.0291075 0.94175
2.76 1.23071e-10 4.22247e-13 0.0390312 6.07315e-05 0.0390312 0.921877
2.88 1.62854e-10 4.96614e-13 0.0517005 0.000104549 0.0517005 0.896494
3 2.12727e-10 6.24836e-13 0.067589 0.000179098 0.067589 0.864643
3.12 2.73988e-10 8.43221e-13 0.0871124 0.000304951 0.0871124 0.82547
3.24 3.47481e-10 1.21074e-12 0.110543 0.000515515 0.110543 0.778399
3.36 4.33267e-10 1.82197e-12 0.137903 0.000864291 0.137903 0.72333
3.48 5.30285e-10 2.82692e-12 0.168858 0.00143591 0.168858 0.660848
3.6 6.36104e-10 4.46203e-12 0.202637 0.00236312 0.202637 0.592363
3.72 7.46887e-10 7.10067e-12 0.23802 0.00385413 0.23802 0.520107
3.84 8.57637e-10 1.13419e-11 0.273414 0.0062402 0.273414 0.446931
3.96 9.62676e-10 1.81809e-11 0.307011 0.0100675 0.307011 0.375911
4.08 1.05614e-09 2.93713e-11 0.336937 0.0162945 0.336937 0.309831
4.2 1.13202e-09 4.82501e-11 0.361275 0.0267513 0.361275 0.250699
4.32 1.18302e-09 8.16826e-11 0.37769 0.0452451 0.37769 0.199374
4.44 1.19696e-09 1.44389e-10 0.382289 0.0800837 0.382289 0.155337
4.56 1.14991e-09 2.66218e-10 0.367417 0.148504 0.367417 0.116661
4.68 1.00378e-09 4.91933e-10 0.32088 0.277411 0.32088 0.0808297
4.8 7.44061e-10 8.31261e-10 0.237999 0.476 0.237999 0.0480019
4.92 4.54657e-10 1.17415e-09 0.145548 0.685447 0.145548 0.0234573
5.04 2.45512e-10 1.39304e-09 0.0786834 0.832608 0.0786834 0.010025
5.16 1.28988e-10 1.48563e-09 0.0413981 0.91306 0.0413981 0.00414366
5.28 6.94633e-11 1.50371e-09 0.0223297 0.953563 0.0223297 0.00177736
5.4 3.88238e-11 1.48695e-09 0.0124997 0.974183 0.0124997 0.000816841
5.52 2.25307e-11 1.45785e-09 0.00726358 0.985066 0.00726358 0.000406139
5.64 1.37895e-11 1.4293e-09 0.00444985 0.990878 0.00444985 0.000221714
5.76 9.44785e-12 1.40913e-09 0.0030505 0.993758 0.0030505 0.00014088
5.88 8.09943e-12 1.40182e-09 0.0026155 0.994651 0.0026155 0.000117528
6 9.32825e-12 1.40887e-09 0.00301158 0.993837 0.00301158 0.000139468
6.12 1.35045e-11 1.42889e-09 0.00435706 0.991068 0.00435706 0.00021802
6.24 2.19654e-11 1.45753e-09 0.00707942 0.985443 0.00707942 0.000397603
6.36 3.77287e-11 1.48717e-09 0.0121429 0.974918 0.0121429 0.00079657
6.48 6.72981e-11 1.50529e-09 0.0216242 0.955025 0.0216242 0.00172667
6.6 1.24612e-10 1.49009e-09 0.0399726 0.916041 0.0399726 0.00401362
6.72 2.36905e-10 1.40297e-09 0.0758789 0.838535 0.0758789 0.00970712
6.84 4.40151e-10 1.19181e-09 0.140809 0.695565 0.140809 0.0228166
6.96 7.26872e-10 8.52958e-10 0.232333 0.488178 0.232333 0.0471553
7.08 9.90855e-10 5.08851e-10 0.31651 0.286745 0.31651 0.0802358
7.2 1.14282e-09 2.75897e-10 0.364868 0.153751 0.364868 0.116513
7.32 1.19353e-09 1.49324e-10 0.38089 0.082712 0.38089 0.155507
7.44 1.18139e-09 8.42003e-11 0.376865 0.0465651 0.376865 0.199704
7.56 1.13124e-09 4.95931e-11 0.360732 0.0274469 0.360732 0.251089
7.68 1.05579e-09 3.01224e-11 0.336548 0.0166801 0.336548 0.310224
7.8 9.62558e-10 1.86158e-11 0.306716 0.0102891 0.306716 0.376278
7.92 8.57648e-10 1.15986e-11 0.273187 0.00637013 0.273187 0.447256
8.04 7.46972e-10 7.25358e-12 0.237844 0.0039309 0.237844 0.520382
8.16 6.36227e-10 4.55324e-12 0.202502 0.00240847 0.202502 0.592588
8.28 5.30425e-10 2.8812e-12 0.168756 0.00146259 0.168756 0.661026
8.4 4.33408e-10 1.85413e-12 0.137827 0.000879881 0.137827 0.723466
8.52 3.47613e-10 1.2297e-12 0.110487 0.000524561 0.110487 0.778501
8.64 2.74105e-10 8.54341e-13 0.0870721 0.000310165 0.0870721 0.825546
8.76 2.12826e-10 6.31333e-13 0.0675599 0.000182083 0.0675599 0.864698
8.88 1.62935e-10 5.00398e-13 0.0516795 0.000106249 0.0516795 0.896535
9 1.23136e-10 4.24444e-13 0.039016 6.16954e-05 0.039016 0.921906
9.12 9.19488e-11 3.8094e-13 0.0290965 3.56883e-05 0.0290965 0.941771
9.24 6.78944e-11 3.56367e-13 0.0214484 2.05876e-05 0.0214484 0.957083
9.36 4.96056e-11 3.42709e-13 0.0156357 1.18566e-05 0.0156357 0.968717
9.48 3.58835e-11 3.35265e-13 0.0112763 6.825e-06 0.0112763 0.977441
9.6 2.57155e-11 3.31309e-13 0.00804734 3.93266e-06 0.00804734 0.983901
9.72 1.82705e-11 3.29279e-13 0.00568423 2.27313e-06 0.00568423 0.988629
9.84 1.28818e-11 3.28288e-13 0.00397466 1.32221e-06 0.00397466 0.992049
9.96 9.02501e-12 3.27843e-13 0.00275173 7.77819e-07 0.00275173 0.994496
10.08 6.2947e-12 3.27673e-13 0.00188651 4.66351e-07 0.00188651 0.996227
10.2 4.38255e-12 3.27635e-13 0.00128093 2.88212e-07 0.00128093 0.997438
10.32 3.05741e-12 3.27652e-13 0.000861559 1.86349e-07 0.000861559 0.998277
10.44 2.14852e-12 3.27688e-13 0.000574133 1.2811e-07 0.000574133 0.998852
10.56 1.53139e-12 3.27726e-13 0.000379135 9.48187e-08 0.000379135 0.999242
10.68 1.1165e-12 3.27758e-13 0.000248156 7.57924e-08 0.000248156 0.999504
10.8 8.40252e-13 3.27784e-13 0.000161034 6.49236e-08 0.000161034 0.999678
10.92 6.58059e-13 3.27803e-13 0.000103636 5.87195e-08 0.000103636 0.999793
11.04 5.39019e-13 3.27816e-13 6.61789e-05 5.51824e-08 6.61789e-05 0.999868
11.16 4.61982e-13 3.27826e-13 4.19697e-05 5.31697e-08 4.19697e-05 0.999916
11.28 4.12643e-13 3.27832e-13 2.64865e-05 5.20281e-08 2.64865e-05 0.999947
11.4 3.81456e-13 3.27837e-13 1.67141e-05 5.13841e-08 1.67141e-05 0.999967
11.52 3.62157e-13 3.27839e-13 1.06755e-05 5.10251e-08 1.06755e-05 0.999979
11.64 3.50734e-13 3.27841e-13 7.10629e-06 5.0831e-08 7.10629e-06 0.999986
11.76 3.44747e-13 3.27842e-13 5.23747e-06 5.07361e-08 5.23747e-06 0.999989
11.88 3.42888e-13 3.27842e-13 4.65768e-06 5.07078e-08 4.65768e-06 0.999991
