0 3.52326e-13 3.27841e-13 7.59509e-06 5.08205e-08 7.59509e-06 0.999985
0.12 3.55279e-13 3.2784e-13 8.51897e-06 5.08705e-08 8.51897e-06 0.999983
0.24 3.64766e-13 3.27839e-13 1.14885e-05 5.10375e-08 1.14885e-05 0.999977
0.36 3.82782e-13 3.27836e-13 1.7133e-05 5.13774e-08 1.7133e-05 0.999966
0.48 4.13037e-13 3.27832e-13 2.66237e-05 5.20033e-08 2.66237e-05 0.999947
0.6 4.61582e-13 3.27826e-13 4.18716e-05 5.31214e-08 4.18716e-05 0.999916
0.72 5.37789e-13 3.27816e-13 6.58391e-05 5.50968e-08 6.58391e-05 0.999868
0.84 6.55795e-13 3.27803e-13 0.000102999 5.85705e-08 0.000102999 0.999794
0.96 8.36568e-13 3.27784e-13 0.000159992 6.46641e-08 0.000159992 0.99968
1.08 1.11078e-12 3.27758e-13 0.000246534 7.53386e-08 0.000246534 0.999507
1.2 1.52271e-12 3.27725e-13 0.000376671 9.40228e-08 0.000376671 0.999247
1.32 2.13555e-12 3.27686e-13 0.000570449 1.26711e-07 0.000570449 0.998859
1.44 3.03827e-12 3.27649e-13 0.000856122 1.83885e-07 0.000856122 0.998288
1.56 4.35463e-12 3.27628e-13 0.001273 2.8387e-07 0.001273 0.997454
1.68 6.25442e-12 3.27661e-13 0.00187507 4.58691e-07 0.00187507 0.996249
1.8 8.96753e-12 3.27818e-13 0.00273542 7.64298e-07 0.00273542 0.994528
1.92 1.28007e-11 3.28243e-13 0.00395167 1.29834e-06 0.00395167 0.992095
2.04 1.81574e-11 3.29197e-13 0.00565221 2.23099e-06 0.00565221 0.988693
2.16 2.55596e-11 3.31162e-13 0.00800327 3.85831e-06 0.00800327 0.98399
2.28 3.56712e-11 3.35001e-13 0.0112164 6.69392e-06 0.0112164 0.97756
2.4 4.93201e-11 3.42242e-13 0.0155554 1.16258e-05 0.0155554 0.968878
2.52 6.75157e-11 3.55545e-13 0.0213421 2.01821e-05 0.0213421 0.957296
2.64 9.14534e-11 3.79503e-13 0.0289578 3.49777e-05 0.0289578 0.942049
2.76 1.22498e-10 4.21947e-13 0.0388383 6.04544e-05 0.0388383 0.922263
2.88 1.62127e-10 4.96085e-13 0.0514557 0.000104092 0.0514557 0.896984
3 2.11825e-10 6.23932e-13 0.067284 0.000178352 0.067284 0.865253
3.12 2.72891e-10 8.41723e-13 0.0867403 0.000303753 0.0867403 0.826216
3.24 3.46179e-10 1.20833e-12 0.110099 0.000513624 0.110099 0.779287
3.36 4.31767e-10 1.81822e-12 0.137389 0.000861371 0.137389 0.72436
3.48 5.28612e-10 2.82127e-12 0.168282 0.00143151 0.168282 0.662005
3.6 6.34307e-10 4.4538e-12 0.202013 0.00235667 0.202013 0.593618
3.72 7.45034e-10 7.08919e-12 0.237369 0.00384495 0.237369 0.521417
3.84 8.5581e-10 1.13265e-11 0.272763 0.00622757 0.272763 0.448246
3.96 9.60957e-10 1.81615e-11 0.306386 0.0100507 0.306386 0.377177
4.08 1.0546e-09 2.93481e-11 0.336362 0.0162727 0.336362 0.311003
4.2 1.1307e-09 4.82244e-11 0.360767 0.0267236 0.360767 0.251742
4.32 1.18196e-09 8.16566e-11 0.37726 0.0452098 0.37726 0.20027
4.44 1.19616e-09 1.44367e-10 0.381943 0.0800364 0.381943 0.156077
4.56 1.14938e-09 2.66208e-10 0.367161 0.148435 0.367161 0.117242
4.68 1.00351e-09 4.91964e-10 0.320722 0.277308 0.320722 0.0812467
4.8 7.44026e-10 8.31402e-10 0.237935 0.475872 0.237935 0.0482568
4.92 4.54732e-10 1.17447e-09 0.145541 0.685334 0.145541 0.0235841
5.04 2.456e-10 1.39352e-09 0.0786959 0.832529 0.0786959 0.0100793
5.16 1.29059e-10 1.48617e-09 0.0414137 0.913007 0.0414137 0.00416576
5.28 6.95183e-11 1.50426e-09 0.0223439 0.953526 0.0223439 0.0017866
5.4 3.8865e-11 1.48745e-09 0.0125114 0.974156 0.0125114 0.00082096
5.52 2.25603e-11 1.45827e-09 0.00727241 0.985047 0.00727241 0.000408087
5.64 1.38087e-11 1.4296e-09 0.00445573 0.990866 0.00445573 0.000222648
5.76 9.45727e-12 1.40929e-09 0.00305343 0.993752 0.00305343 0.000141264
5.88 8.09935e-12 1.40182e-09 0.00261548 0.994651 0.00261548 0.000117531
6 9.31859e-12 1.40871e-09 0.00300857 0.993843 0.00300857 0.000139091
6.12 1.34848e-11 1.42858e-09 0.00435099 0.991081 0.00435099 0.000217099
6.24 2.19346e-11 1.45711e-09 0.00707018 0.985464 0.00707018 0.000395681
6.36 3.76847e-11 1.48667e-09 0.0121303 0.974947 0.0121303 0.000792512
6.48 6.72372e-11 1.50474e-09 0.021608 0.955066 0.021608 0.00171757
6.6 1.24527e-10 1.48955e-09 0.0399526 0.916103 0.0399526 0.0039919
6.72 2.36789e-10 1.40252e-09 0.0758567 0.838633 0.0758567 0.00965375
6.84 4.40021e-10 1.19153e-09 0.140798 0.695713 0.140798 0.0226915
6.96 7.26833e-10 8.52887e-10 0.232373 0.488352 0.232373 0.0469027
7.08 9.91056e-10 5.0888e-10 0.316646 0.286886 0.316646 0.0798213
7.2 1.14332e-09 2.75942e-10 0.365111 0.153843 0.365111 0.115934
7.32 1.19431e-09 1.49365e-10 0.381229 0.0827713 0.381229 0.15477
7.44 1.18244e-09 8.42364e-11 0.377291 0.0466067 0.377291 0.198812
7.56 1.13255e-09 4.96245e-11 0.361236 0.027478 0.361236 0.250049
7.68 1.05732e-09 3.01489e-11 0.33712 0.0167039 0.33712 0.309057
7.8 9.6427e-10 1.86372e-11 0.307339 0.0103072 0.307339 0.375016
7.92 8.59469e-10 1.16151e-11 0.273836 0.00638351 0.273836 0.445945
8.04 7.48819e-10 7.26582e-12 0.238493 0.00394054 0.238493 0.519075
8.16 6.3802e-10 4.56193e-12 0.203125 0.00241521 0.203125 0.591335
8.28 5.32094e-10 2.88714e-12 0.169331 0.00146716 0.169331 0.659871
8.4 4.34905e-10 1.85806e-12 0.138339 0.000882905 0.138339 0.722439
8.52 3.48911e-10 1.23221e-12 0.110929 0.000526513 0.110929 0.777615
8.64 2.75199e-10 8.55902e-13 0.0874434 0.000311398 0.0874434 0.824802
8.76 2.13726e-10 6.32274e-13 0.0678642 0.00018285 0.0678642 0.864089
8.88 1.63659e-10 5.00948e-13 0.0519237 0.000106718 0.0519237 0.896046
9 1.23708e-10 4.24756e-13 0.0392085 6.1979e-05 0.0392085 0.921521
9.12 9.23933e-11 3.8111e-13 0.0292457 3.58582e-05 0.0292457 0.941473
9.24 6.82348e-11 3.56455e-13 0.0215624 2.06885e-05 0.0215624 0.956854
9.36 4.98627e-11 3.42751e-13 0.0157217 1.19161e-05 0.0157217 0.968545
9.48 3.60752e-11 3.35283e-13 0.0113403 6.85996e-06 0.0113403 0.977313
9.6 2.58569e-11 3.31314e-13 0.00809447 3.95311e-06 0.00809447 0.983807
9.72 1.83735e-11 3.29278e-13 0.00571852 2.28505e-06 0.00571852 0.988561
9.84 1.2956e-11 3.28284e-13 0.00399932 1.32914e-06 0.00399932 0.992
9.96 9.07789e-12 3.27839e-13 0.00276928 7.81845e-07 0.00276928 0.994461
10.08 6.33199e-12 3.2767e-13 0.00189887 4.68685e-07 0.00189887 0.996202
10.2 4.40856e-12 3.27632e-13 0.00128955 2.89562e-07 0.00128955 0.997421
10.32 3.07538e-12 3.2765e-13 0.0008675 1.87129e-07 0.0008675 0.998265
10.44 2.1608e-12 3.27686e-13 0.000578188 1.2856e-07 0.000578188 0.998843
10.56 1.53971e-12 3.27725e-13 0.000381877 9.50774e-08 0.000381877 0.999236
10.68 1.12207e-12 3.27757e-13 0.000249992 7.59409e-08 0.000249992 0.9995
10.8 8.43957e-13 3.27783e-13 0.000162252 6.50085e-08 0.000162252 0.999675
10.92 6.60498e-13 3.27802e-13 0.000104437 5.87678e-08 0.000104437 0.999791
11.04 5.40612e-13 3.27816e-13 6.6701e-05 5.52096e-08 6.6701e-05 0.999867
11.16 4.63014e-13 3.27826e-13 4.23075e-05 5.31849e-08 4.23075e-05 0.999915
11.28 4.13308e-13 3.27832e-13 2.67037e-05 5.20364e-08 2.67037e-05 0.999947
11.4 3.81884e-13 3.27837e-13 1.68537e-05 5.13886e-08 1.68537e-05 0.999966
11.52 3.62435e-13 3.27839e-13 1.0766e-05 5.10274e-08 1.0766e-05 0.999978
11.64 3.50922e-13 3.27841e-13 7.16721e-06 5.08322e-08 7.16721e-06 0.999986
11.76 3.44886e-13 3.27842e-13 5.28259e-06 5.07367e-08 5.28259e-06 0.999989
11.88 3.43012e-13 3.27842e-13 4.69778e-06 5.07082e-08 4.69778e-06 0.999991
