0 3.52291e-13 3.27841e-13 7.58351e-06 5.08203e-08 7.58351e-06 0.999985
0.12 3.55239e-13 3.2784e-13 8.50598e-06 5.08703e-08 8.50598e-06 0.999983
0.24 3.64713e-13 3.27839e-13 1.1471e-05 5.10371e-08 1.1471e-05 0.999977
0.36 3.82703e-13 3.27836e-13 1.71074e-05 5.13766e-08 1.71074e-05 0.999966
0.48 4.12917e-13 3.27832e-13 2.65845e-05 5.20018e-08 2.65845e-05 0.999947
0.6 4.61397e-13 3.27826e-13 4.1811e-05 5.31187e-08 4.1811e-05 0.999916
0.72 5.37504e-13 3.27817e-13 6.57458e-05 5.5092e-08 6.57458e-05 0.999868
0.84 6.5536e-13 3.27803e-13 0.000102857 5.8562e-08 0.000102857 0.999794
0.96 8.35908e-13 3.27784e-13 0.000159775 6.46491e-08 0.000159775 0.99968
1.08 1.10978e-12 3.27758e-13 0.000246207 7.53125e-08 0.000246207 0.999508
1.2 1.52123e-12 3.27725e-13 0.000376182 9.39773e-08 0.000376182 0.999248
1.32 2.13336e-12 3.27687e-13 0.000569727 1.26632e-07 0.000569727 0.99886
1.44 3.03508e-12 3.27649e-13 0.000855065 1.83749e-07 0.000855065 0.99829
1.56 4.35e-12 3.27629e-13 0.00127147 2.83633e-07 0.00127147 0.997457
1.68 6.24779e-12 3.27661e-13 0.00187287 4.58283e-07 0.00187287 0.996254
1.8 8.95813e-12 3.27819e-13 0.0027323 7.63595e-07 0.0027323 0.994535
1.92 1.27876e-11 3.28243e-13 0.00394728 1.29712e-06 0.00394728 0.992104
2.04 1.81391e-11 3.29197e-13 0.00564611 2.22891e-06 0.00564611 0.988705
2.16 2.55345e-11 3.31161e-13 0.0079949 3.85475e-06 0.0079949 0.984006
2.28 3.56371e-11 3.34998e-13 0.011205 6.68784e-06 0.011205 0.977583
2.4 4.92745e-11 3.42235e-13 0.0155401 1.16155e-05 0.0155401 0.968908
2.52 6.74553e-11 3.5553e-13 0.0213218 2.01646e-05 0.0213218 0.957336
2.64 9.13745e-11 3.79474e-13 0.0289314 3.49483e-05 0.0289314 0.942102
2.76 1.22396e-10 4.21894e-13 0.0388041 6.04054e-05 0.0388041 0.922331
2.88 1.61999e-10 4.95991e-13 0.0514123 0.000104011 0.0514123 0.897071
3 2.11665e-10 6.23772e-13 0.06723 0.00017822 0.06723 0.865362
3.12 2.72696e-10 8.41458e-13 0.0866744 0.000303541 0.0866744 0.826348
3.24 3.45949e-10 1.20791e-12 0.110021 0.000513289 0.110021 0.779445
3.36 4.31501e-10 1.81755e-12 0.137298 0.000860853 0.137298 0.724543
3.48 5.28315e-10 2.82026e-12 0.168179 0.00143073 0.168179 0.662211
3.6 6.33988e-10 4.45234e-12 0.201902 0.00235552 0.201902 0.593841
3.72 7.44705e-10 7.08715e-12 0.237253 0.00384332 0.237253 0.52165
3.84 8.55485e-10 1.13238e-11 0.272648 0.00622532 0.272648 0.44848
3.96 9.60651e-10 1.81581e-11 0.306275 0.0100477 0.306275 0.377402
4.08 1.05432e-09 2.93439e-11 0.33626 0.0162689 0.33626 0.311211
4.2 1.13047e-09 4.82197e-11 0.360677 0.0267187 0.360677 0.251928
4.32 1.18177e-09 8.1652e-11 0.377184 0.0452035 0.377184 0.200429
4.44 1.19602e-09 1.44363e-10 0.381881 0.0800279 0.381881 0.156209
4.56 1.14928e-09 2.66207e-10 0.367115 0.148423 0.367115 0.117346
4.68 1.00347e-09 4.91969e-10 0.320694 0.27729 0.320694 0.081321
4.8 7.4402e-10 8.31428e-10 0.237924 0.475849 0.237924 0.0483023
4.92 4.54746e-10 1.17453e-09 0.14554 0.685314 0.14554 0.0236067
5.04 2.45616e-10 1.3936e-09 0.0786981 0.832515 0.0786981 0.010089
5.16 1.29072e-10 1.48627e-09 0.0414164 0.912998 0.0414164 0.0041697
5.28 6.9528e-11 1.50435e-09 0.0223464 0.953519 0.0223464 0.00178825
5.4 3.88724e-11 1.48754e-09 0.0125135 0.974151 0.0125135 0.000821694
5.52 2.25656e-11 1.45835e-09 0.00727398 0.985043 0.00727398 0.000408434
5.64 1.38121e-11 1.42966e-09 0.00445678 0.990863 0.00445678 0.000222814
5.76 9.45896e-12 1.40932e-09 0.00305395 0.99375 0.00305395 0.000141332
5.88 8.09937e-12 1.40182e-09 0.00261548 0.994651 0.00261548 0.000117532
6 9.31692e-12 1.40868e-09 0.00300805 0.993845 0.00300805 0.000139025
6.12 1.34814e-11 1.42853e-09 0.00434994 0.991083 0.00434994 0.000216936
6.24 2.19292e-11 1.45704e-09 0.00706858 0.985467 0.00706858 0.000395342
6.36 3.76772e-11 1.48658e-09 0.0121281 0.974952 0.0121281 0.000791796
6.48 6.72269e-11 1.50464e-09 0.0216053 0.955073 0.0216053 0.00171597
6.6 1.24513e-10 1.48945e-09 0.0399494 0.916113 0.0399494 0.00398808
6.72 2.3677e-10 1.40244e-09 0.0758535 0.838649 0.0758535 0.00964436
6.84 4.40002e-10 1.19148e-09 0.140797 0.695737 0.140797 0.0226694
6.96 7.26831e-10 8.52869e-10 0.232381 0.48838 0.232381 0.0468581
7.08 9.91095e-10 5.08881e-10 0.316672 0.286908 0.316672 0.0797479
7.2 1.14341e-09 2.75948e-10 0.365155 0.153858 0.365155 0.115832
7.32 1.19445e-09 1.49371e-10 0.38129 0.0827811 0.38129 0.154639
7.44 1.18262e-09 8.42421e-11 0.377367 0.0466137 0.377367 0.198653
7.56 1.13278e-09 4.96297e-11 0.361326 0.0274833 0.361326 0.249864
7.68 1.0576e-09 3.01534e-11 0.337222 0.016708 0.337222 0.308849
7.8 9.64575e-10 1.86409e-11 0.30745 0.0103103 0.30745 0.374791
7.92 8.59793e-10 1.1618e-11 0.273951 0.00638586 0.273951 0.445711
8.04 7.49148e-10 7.26796e-12 0.238608 0.00394223 0.238608 0.518841
8.16 6.38339e-10 4.56346e-12 0.203236 0.0024164 0.203236 0.591112
8.28 5.32391e-10 2.88819e-12 0.169433 0.00146797 0.169433 0.659665
8.4 4.35172e-10 1.85875e-12 0.138431 0.00088344 0.138431 0.722255
8.52 3.49143e-10 1.23266e-12 0.111008 0.000526859 0.111008 0.777456
8.64 2.75395e-10 8.56178e-13 0.0875098 0.000311618 0.0875098 0.824669
8.76 2.13887e-10 6.3244e-13 0.0679186 0.000182986 0.0679186 0.86398
8.88 1.63788e-10 5.01046e-13 0.0519673 0.000106802 0.0519673 0.895959
9 1.2381e-10 4.24811e-13 0.0392429 6.20295e-05 0.0392429 0.921452
9.12 9.24728e-11 3.8114e-13 0.0292723 3.58884e-05 0.0292723 0.941419
9.24 6.82957e-11 3.56471e-13 0.0215828 2.07065e-05 0.0215828 0.956814
9.36 4.99087e-11 3.42759e-13 0.0157371 1.19267e-05 0.0157371 0.968514
9.48 3.61096e-11 3.35286e-13 0.0113518 6.8662e-06 0.0113518 0.97729
9.6 2.58822e-11 3.31315e-13 0.00810291 3.95676e-06 0.00810291 0.98379
9.72 1.8392e-11 3.29278e-13 0.00572466 2.28718e-06 0.00572466 0.988548
9.84 1.29693e-11 3.28284e-13 0.00400374 1.33038e-06 0.00400374 0.991991
9.96 9.08737e-12 3.27838e-13 0.00277243 7.82565e-07 0.00277243 0.994454
10.08 6.33867e-12 3.27669e-13 0.00190108 4.69102e-07 0.00190108 0.996197
10.2 4.41323e-12 3.27632e-13 0.00129109 2.89803e-07 0.00129109 0.997418
10.32 3.0786e-12 3.2765e-13 0.000868565 1.87268e-07 0.000868565 0.998263
10.44 2.163e-12 3.27686e-13 0.000578916 1.28641e-07 0.000578916 0.998842
10.56 1.5412e-12 3.27724e-13 0.000382369 9.51238e-08 0.000382369 0.999235
10.68 1.12308e-12 3.27757e-13 0.000250322 7.59675e-08 0.000250322 0.999499
10.8 8.44622e-13 3.27783e-13 0.000162471 6.50237e-08 0.000162471 0.999675
10.92 6.60936e-13 3.27802e-13 0.000104581 5.87764e-08 0.000104581 0.999791
11.04 5.40898e-13 3.27816e-13 6.67949e-05 5.52145e-08 6.67949e-05 0.999866
11.16 4.632e-13 3.27826e-13 4.23682e-05 5.31877e-08 4.23682e-05 0.999915
11.28 4.13427e-13 3.27832e-13 2.67428e-05 5.20379e-08 2.67428e-05 0.999946
11.4 3.81961e-13 3.27837e-13 1.68788e-05 5.13894e-08 1.68788e-05 0.999966
11.52 3.62485e-13 3.27839e-13 1.07823e-05 5.10278e-08 1.07823e-05 0.999978
11.64 3.50956e-13 3.27841e-13 7.17817e-06 5.08324e-08 7.17817e-06 0.999986
11.76 3.44911e-13 3.27842e-13 5.2907e-06 5.07368e-08 5.2907e-06 0.999989
11.88 3.43034e-13 3.27842e-13 4.70499e-06 5.07082e-08 4.70499e-06 0.999991
