0 3.52255e-13 3.27841e-13 7.57191e-06 5.08201e-08 7.57191e-06 0.999985
0.12 3.55199e-13 3.2784e-13 8.49296e-06 5.08701e-08 8.49296e-06 0.999983
0.24 3.64659e-13 3.27839e-13 1.14536e-05 5.10367e-08 1.14536e-05 0.999977
0.36 3.82625e-13 3.27836e-13 1.70817e-05 5.13758e-08 1.70817e-05 0.999966
0.48 4.12797e-13 3.27832e-13 2.65452e-05 5.20004e-08 2.65452e-05 0.999947
0.6 4.61212e-13 3.27826e-13 4.17504e-05 5.3116e-08 4.17504e-05 0.999916
0.72 5.37219e-13 3.27817e-13 6.56523e-05 5.50872e-08 6.56523e-05 0.999869
0.84 6.54923e-13 3.27803e-13 0.000102713 5.85535e-08 0.000102713 0.999795
0.96 8.35246e-13 3.27784e-13 0.000159557 6.46341e-08 0.000159557 0.999681
1.08 1.10879e-12 3.27758e-13 0.000245879 7.52863e-08 0.000245879 0.999508
1.2 1.51975e-12 3.27725e-13 0.000375693 9.39317e-08 0.000375693 0.999249
1.32 2.13117e-12 3.27687e-13 0.000569003 1.26553e-07 0.000569003 0.998862
1.44 3.03187e-12 3.2765e-13 0.000854005 1.83611e-07 0.000854005 0.998292
1.56 4.34536e-12 3.27629e-13 0.00126993 2.83396e-07 0.00126993 0.99746
1.68 6.24114e-12 3.27662e-13 0.00187066 4.57874e-07 0.00187066 0.996258
1.8 8.9487e-12 3.2782e-13 0.00272917 7.62889e-07 0.00272917 0.994541
1.92 1.27743e-11 3.28244e-13 0.00394288 1.29591e-06 0.00394288 0.992113
2.04 1.81208e-11 3.29197e-13 0.00564 2.22683e-06 0.00564 0.988718
2.16 2.55093e-11 3.3116e-13 0.0079865 3.85118e-06 0.0079865 0.984023
2.28 3.5603e-11 3.34996e-13 0.0111936 6.68174e-06 0.0111936 0.977606
2.4 4.92287e-11 3.42227e-13 0.0155248 1.16051e-05 0.0155248 0.968939
2.52 6.73947e-11 3.55515e-13 0.0213015 2.01471e-05 0.0213015 0.957377
2.64 9.12953e-11 3.79445e-13 0.0289048 3.49188e-05 0.0289048 0.942155
2.76 1.22294e-10 4.2184e-13 0.0387698 6.03562e-05 0.0387698 0.9224
2.88 1.6187e-10 4.95897e-13 0.0513688 0.000103929 0.0513688 0.897158
3 2.11505e-10 6.23611e-13 0.0671758 0.000178088 0.0671758 0.86547
3.12 2.72501e-10 8.41191e-13 0.0866082 0.000303328 0.0866082 0.82648
3.24 3.45717e-10 1.20748e-12 0.109942 0.000512953 0.109942 0.779603
3.36 4.31234e-10 1.81689e-12 0.137207 0.000860333 0.137207 0.724726
3.48 5.28017e-10 2.81925e-12 0.168077 0.00142994 0.168077 0.662417
3.6 6.33667e-10 4.45088e-12 0.201791 0.00235437 0.201791 0.594065
3.72 7.44375e-10 7.08511e-12 0.237137 0.00384168 0.237137 0.521884
3.84 8.55159e-10 1.13211e-11 0.272531 0.00622306 0.272531 0.448715
3.96 9.60344e-10 1.81546e-11 0.306164 0.0100447 0.306164 0.377628
4.08 1.05405e-09 2.93398e-11 0.336157 0.0162649 0.336157 0.31142
4.2 1.13023e-09 4.82151e-11 0.360586 0.0267137 0.360586 0.252115
4.32 1.18158e-09 8.16473e-11 0.377107 0.0451971 0.377107 0.200589
4.44 1.19588e-09 1.44359e-10 0.381819 0.0800194 0.381819 0.156342
4.56 1.14919e-09 2.66205e-10 0.36707 0.148411 0.36707 0.11745
4.68 1.00342e-09 4.91975e-10 0.320666 0.277271 0.320666 0.0813957
4.8 7.44014e-10 8.31453e-10 0.237913 0.475827 0.237913 0.048348
4.92 4.54759e-10 1.17458e-09 0.145539 0.685293 0.145539 0.0236295
5.04 2.45631e-10 1.39369e-09 0.0787003 0.832501 0.0787003 0.0100987
5.16 1.29085e-10 1.48637e-09 0.0414192 0.912988 0.0414192 0.00417366
5.28 6.95378e-11 1.50445e-09 0.022349 0.953512 0.022349 0.00178991
5.4 3.88797e-11 1.48763e-09 0.0125156 0.974146 0.0125156 0.000822432
5.52 2.25709e-11 1.45842e-09 0.00727556 0.98504 0.00727556 0.000408784
5.64 1.38156e-11 1.42971e-09 0.00445784 0.990861 0.00445784 0.000222982
5.76 9.46066e-12 1.40935e-09 0.00305449 0.993749 0.00305449 0.000141402
5.88 8.09939e-12 1.40182e-09 0.00261549 0.994651 0.00261549 0.000117533
6 9.31525e-12 1.40865e-09 0.00300753 0.993846 0.00300753 0.000138958
6.12 1.34779e-11 1.42847e-09 0.00434888 0.991085 0.00434888 0.000216773
6.24 2.19239e-11 1.45696e-09 0.00706699 0.985471 0.00706699 0.000395002
6.36 3.76697e-11 1.48649e-09 0.012126 0.974957 0.012126 0.000791079
6.48 6.72167e-11 1.50455e-09 0.0216026 0.95508 0.0216026 0.00171437
6.6 1.24499e-10 1.48935e-09 0.0399462 0.916123 0.0399462 0.00398425
6.72 2.36752e-10 1.40235e-09 0.0758504 0.838664 0.0758504 0.00963495
6.84 4.39984e-10 1.19143e-09 0.140796 0.69576 0.140796 0.0226473
6.96 7.2683e-10 8.52849e-10 0.23239 0.488407 0.23239 0.0468133
7.08 9.91135e-10 5.0888e-10 0.316698 0.28693 0.316698 0.0796741
7.2 1.1435e-09 2.75953e-10 0.3652 0.153872 0.3652 0.115729
7.32 1.19459e-09 1.49377e-10 0.381351 0.0827907 0.381351 0.154507
7.44 1.18281e-09 8.42477e-11 0.377443 0.0466206 0.377443 0.198494
7.56 1.13301e-09 4.96349e-11 0.361417 0.0274886 0.361417 0.249678
7.68 1.05787e-09 3.01579e-11 0.337324 0.0167121 0.337324 0.30864
7.8 9.64881e-10 1.86445e-11 0.307561 0.0103135 0.307561 0.374565
7.92 8.60119e-10 1.16209e-11 0.274068 0.00638821 0.274068 0.445476
8.04 7.49479e-10 7.2701e-12 0.238725 0.00394393 0.238725 0.518607
8.16 6.38661e-10 4.56498e-12 0.203348 0.00241759 0.203348 0.590887
8.28 5.32691e-10 2.88924e-12 0.169537 0.00146878 0.169537 0.659458
8.4 4.35441e-10 1.85944e-12 0.138523 0.000883977 0.138523 0.722071
8.52 3.49377e-10 1.2331e-12 0.111088 0.000527206 0.111088 0.777297
8.64 2.75592e-10 8.56454e-13 0.0875765 0.000311837 0.0875765 0.824535
8.76 2.14049e-10 6.32607e-13 0.0679733 0.000183123 0.0679733 0.86387
8.88 1.63919e-10 5.01144e-13 0.0520113 0.000106886 0.0520113 0.895871
9 1.23913e-10 4.24867e-13 0.0392775 6.20802e-05 0.0392775 0.921383
9.12 9.25528e-11 3.8117e-13 0.0292992 3.59188e-05 0.0292992 0.941366
9.24 6.8357e-11 3.56486e-13 0.0216033 2.07245e-05 0.0216033 0.956773
9.36 4.9955e-11 3.42766e-13 0.0157526 1.19374e-05 0.0157526 0.968483
9.48 3.61441e-11 3.35289e-13 0.0113633 6.87247e-06 0.0113633 0.977267
9.6 2.59077e-11 3.31316e-13 0.0081114 3.96043e-06 0.0081114 0.983773
9.72 1.84105e-11 3.29277e-13 0.00573084 2.28932e-06 0.00573084 0.988536
9.84 1.29827e-11 3.28283e-13 0.00400819 1.33163e-06 0.00400819 0.991982
9.96 9.09691e-12 3.27838e-13 0.0027756 7.83289e-07 0.0027756 0.994448
10.08 6.34541e-12 3.27669e-13 0.00190332 4.69522e-07 0.00190332 0.996193
10.2 4.41793e-12 3.27631e-13 0.00129265 2.90046e-07 0.00129265 0.997414
10.32 3.08184e-12 3.27649e-13 0.000869638 1.87409e-07 0.000869638 0.998261
10.44 2.16522e-12 3.27686e-13 0.000579649 1.28722e-07 0.000579649 0.998841
10.56 1.5427e-12 3.27724e-13 0.000382865 9.51704e-08 0.000382865 0.999234
10.68 1.12408e-12 3.27757e-13 0.000250654 7.59942e-08 0.000250654 0.999499
10.8 8.45293e-13 3.27783e-13 0.000162691 6.5039e-08 0.000162691 0.999675
10.92 6.61378e-13 3.27802e-13 0.000104726 5.87851e-08 0.000104726 0.99979
11.04 5.41187e-13 3.27816e-13 6.68894e-05 5.52194e-08 6.68894e-05 0.999866
11.16 4.63386e-13 3.27826e-13 4.24294e-05 5.31904e-08 4.24294e-05 0.999915
11.28 4.13548e-13 3.27832e-13 2.67822e-05 5.20394e-08 2.67822e-05 0.999946
11.4 3.82039e-13 3.27837e-13 1.69041e-05 5.13902e-08 1.69041e-05 0.999966
11.52 3.62536e-13 3.27839e-13 1.07987e-05 5.10282e-08 1.07987e-05 0.999978
11.64 3.5099e-13 3.27841e-13 7.18922e-06 5.08326e-08 7.18922e-06 0.999986
11.76 3.44936e-13 3.27842e-13 5.29889e-06 5.07369e-08 5.29889e-06 0.999989
11.88 3.43057e-13 3.27842e-13 4.71227e-06 5.07083e-08 4.71227e-06 0.999991
