0 3.52253e-13 3.27841e-13 7.57125e-06 5.08201e-08 7.57125e-06 0.999985
0.12 3.55197e-13 3.2784e-13 8.49221e-06 5.087e-08 8.49221e-06 0.999983
0.24 3.64656e-13 3.27839e-13 1.14526e-05 5.10366e-08 1.14526e-05 0.999977
0.36 3.8262e-13 3.27836e-13 1.70802e-05 5.13758e-08 1.70802e-05 0.999966
0.48 4.1279e-13 3.27832e-13 2.65429e-05 5.20003e-08 2.65429e-05 0.999947
0.6 4.61201e-13 3.27826e-13 4.17469e-05 5.31159e-08 4.17469e-05 0.999916
0.72 5.37203e-13 3.27817e-13 6.5647e-05 5.50869e-08 6.5647e-05 0.999869
0.84 6.54899e-13 3.27803e-13 0.000102705 5.8553e-08 0.000102705 0.999795
0.96 8.35208e-13 3.27784e-13 0.000159544 6.46333e-08 0.000159544 0.999681
1.08 1.10873e-12 3.27758e-13 0.00024586 7.52848e-08 0.00024586 0.999508
1.2 1.51966e-12 3.27725e-13 0.000375665 9.39291e-08 0.000375665 0.999249
1.32 2.13104e-12 3.27687e-13 0.000568962 1.26549e-07 0.000568962 0.998862
1.44 3.03169e-12 3.2765e-13 0.000853945 1.83604e-07 0.000853945 0.998292
1.56 4.34509e-12 3.27629e-13 0.00126985 2.83382e-07 0.00126985 0.99746
1.68 6.24076e-12 3.27662e-13 0.00187054 4.5785e-07 0.00187054 0.996258
1.8 8.94816e-12 3.2782e-13 0.00272899 7.62849e-07 0.00272899 0.994541
1.92 1.27736e-11 3.28244e-13 0.00394263 1.29584e-06 0.00394263 0.992113
2.04 1.81197e-11 3.29197e-13 0.00563965 2.22671e-06 0.00563965 0.988718
2.16 2.55079e-11 3.3116e-13 0.00798602 3.85097e-06 0.00798602 0.984024
2.28 3.5601e-11 3.34995e-13 0.0111929 6.68139e-06 0.0111929 0.977607
2.4 4.92261e-11 3.42227e-13 0.0155239 1.16045e-05 0.0155239 0.96894
2.52 6.73912e-11 3.55514e-13 0.0213003 2.01461e-05 0.0213003 0.957379
2.64 9.12908e-11 3.79443e-13 0.0289033 3.49171e-05 0.0289033 0.942158
2.76 1.22288e-10 4.21837e-13 0.0387679 6.03534e-05 0.0387679 0.922404
2.88 1.61862e-10 4.95892e-13 0.0513663 0.000103925 0.0513663 0.897163
3 2.11495e-10 6.23602e-13 0.0671727 0.00017808 0.0671727 0.865476
3.12 2.7249e-10 8.41176e-13 0.0866044 0.000303316 0.0866044 0.826488
3.24 3.45704e-10 1.20745e-12 0.109938 0.000512933 0.109938 0.779612
3.36 4.31218e-10 1.81685e-12 0.137202 0.000860303 0.137202 0.724737
3.48 5.28e-10 2.8192e-12 0.168071 0.0014299 0.168071 0.662429
3.6 6.33649e-10 4.45079e-12 0.201784 0.0023543 0.201784 0.594078
3.72 7.44356e-10 7.08499e-12 0.237131 0.00384159 0.237131 0.521897
3.84 8.5514e-10 1.13209e-11 0.272525 0.00622293 0.272525 0.448728
3.96 9.60326e-10 1.81544e-11 0.306157 0.0100445 0.306157 0.377641
4.08 1.05403e-09 2.93395e-11 0.336152 0.0162647 0.336152 0.311432
4.2 1.13022e-09 4.82148e-11 0.360581 0.0267134 0.360581 0.252125
4.32 1.18157e-09 8.1647e-11 0.377102 0.0451967 0.377102 0.200599
4.44 1.19587e-09 1.44359e-10 0.381816 0.0800189 0.381816 0.156349
4.56 1.14918e-09 2.66205e-10 0.367067 0.14841 0.367067 0.117456
4.68 1.00342e-09 4.91975e-10 0.320665 0.27727 0.320665 0.0814
4.8 7.44014e-10 8.31454e-10 0.237912 0.475825 0.237912 0.0483506
4.92 4.5476e-10 1.17459e-09 0.145539 0.685292 0.145539 0.0236308
5.04 2.45632e-10 1.39369e-09 0.0787005 0.8325 0.0787005 0.0100992
5.16 1.29086e-10 1.48637e-09 0.0414194 0.912987 0.0414194 0.00417389
5.28 6.95384e-11 1.50446e-09 0.0223491 0.953512 0.0223491 0.00179001
5.4 3.88801e-11 1.48764e-09 0.0125157 0.974146 0.0125157 0.000822475
5.52 2.25712e-11 1.45843e-09 0.00727565 0.98504 0.00727565 0.000408804
5.64 1.38158e-11 1.42972e-09 0.0044579 0.990861 0.0044579 0.000222992
5.76 9.46076e-12 1.40935e-09 0.00305452 0.993749 0.00305452 0.000141406
5.88 8.09939e-12 1.40182e-09 0.00261549 0.994651 0.00261549 0.000117533
6 9.31515e-12 1.40865e-09 0.0030075 0.993846 0.0030075 0.000138955
6.12 1.34778e-11 1.42847e-09 0.00434882 0.991085 0.00434882 0.000216764
6.24 2.19236e-11 1.45696e-09 0.0070669 0.985471 0.0070669 0.000394982
6.36 3.76692e-11 1.48648e-09 0.0121259 0.974957 0.0121259 0.000791038
6.48 6.72161e-11 1.50454e-09 0.0216025 0.955081 0.0216025 0.00171427
6.6 1.24498e-10 1.48935e-09 0.039946 0.916124 0.039946 0.00398403
6.72 2.36751e-10 1.40235e-09 0.0758502 0.838665 0.0758502 0.00963441
6.84 4.39983e-10 1.19142e-09 0.140796 0.695761 0.140796 0.0226461
6.96 7.2683e-10 8.52848e-10 0.23239 0.488408 0.23239 0.0468108
7.08 9.91137e-10 5.0888e-10 0.316699 0.286932 0.316699 0.0796699
7.2 1.1435e-09 2.75953e-10 0.365202 0.153873 0.365202 0.115723
7.32 1.19459e-09 1.49377e-10 0.381354 0.0827913 0.381354 0.1545
7.44 1.18282e-09 8.4248e-11 0.377447 0.046621 0.377447 0.198485
7.56 1.13303e-09 4.96352e-11 0.361422 0.0274889 0.361422 0.249668
7.68 1.05789e-09 3.01581e-11 0.33733 0.0167124 0.33733 0.308628
7.8 9.64899e-10 1.86448e-11 0.307567 0.0103137 0.307567 0.374552
7.92 8.60138e-10 1.16211e-11 0.274074 0.00638834 0.274074 0.445463
8.04 7.49498e-10 7.27022e-12 0.238731 0.00394403 0.238731 0.518594
8.16 6.38679e-10 4.56507e-12 0.203354 0.00241766 0.203354 0.590875
8.28 5.32708e-10 2.8893e-12 0.169543 0.00146883 0.169543 0.659446
8.4 4.35456e-10 1.85948e-12 0.138528 0.000884008 0.138528 0.72206
8.52 3.4939e-10 1.23313e-12 0.111092 0.000527226 0.111092 0.777288
8.64 2.75603e-10 8.5647e-13 0.0875803 0.00031185 0.0875803 0.824528
8.76 2.14058e-10 6.32617e-13 0.0679765 0.000183131 0.0679765 0.863864
8.88 1.63926e-10 5.01149e-13 0.0520138 0.00010689 0.0520138 0.895866
9 1.23919e-10 4.2487e-13 0.0392795 6.20831e-05 0.0392795 0.921379
9.12 9.25574e-11 3.81172e-13 0.0293007 3.59205e-05 0.0293007 0.941363
9.24 6.83605e-11 3.56487e-13 0.0216045 2.07256e-05 0.0216045 0.95677
9.36 4.99577e-11 3.42767e-13 0.0157535 1.1938e-05 0.0157535 0.968481
9.48 3.61461e-11 3.35289e-13 0.011364 6.87283e-06 0.011364 0.977265
9.6 2.59091e-11 3.31316e-13 0.00811189 3.96064e-06 0.00811189 0.983772
9.72 1.84116e-11 3.29277e-13 0.0057312 2.28945e-06 0.0057312 0.988535
9.84 1.29835e-11 3.28283e-13 0.00400845 1.3317e-06 0.00400845 0.991982
9.96 9.09746e-12 3.27838e-13 0.00277578 7.8333e-07 0.00277578 0.994448
10.08 6.34579e-12 3.27669e-13 0.00190344 4.69546e-07 0.00190344 0.996193
10.2 4.41819e-12 3.27631e-13 0.00129274 2.9006e-07 0.00129274 0.997414
10.32 3.08203e-12 3.27649e-13 0.0008697 1.87417e-07 0.0008697 0.99826
10.44 2.16535e-12 3.27686e-13 0.000579691 1.28726e-07 0.000579691 0.99884
10.56 1.54279e-12 3.27724e-13 0.000382893 9.51731e-08 0.000382893 0.999234
10.68 1.12414e-12 3.27757e-13 0.000250673 7.59958e-08 0.000250673 0.999499
10.8 8.45331e-13 3.27783e-13 0.000162704 6.50399e-08 0.000162704 0.999675
10.92 6.61403e-13 3.27802e-13 0.000104734 5.87856e-08 0.000104734 0.99979
11.04 5.41203e-13 3.27816e-13 6.68948e-05 5.52197e-08 6.68948e-05 0.999866
11.16 4.63397e-13 3.27826e-13 4.2433e-05 5.31906e-08 4.2433e-05 0.999915
11.28 4.13555e-13 3.27832e-13 2.67844e-05 5.20395e-08 2.67844e-05 0.999946
11.4 3.82043e-13 3.27837e-13 1.69055e-05 5.13902e-08 1.69055e-05 0.999966
11.52 3.62538e-13 3.27839e-13 1.07996e-05 5.10283e-08 1.07996e-05 0.999978
11.64 3.50992e-13 3.27841e-13 7.18985e-06 5.08326e-08 7.18985e-06 0.999986
11.76 3.44938e-13 3.27842e-13 5.29936e-06 5.07369e-08 5.29936e-06 0.999989
11.88 3.43058e-13 3.27842e-13 4.71268e-06 5.07083e-08 4.71268e-06 0.999991
