0 3.52316e-13 3.27841e-13 7.59173e-06 5.08204e-08 7.59173e-06 0.999985
0.12 3.55268e-13 3.2784e-13 8.51519e-06 5.08705e-08 8.51519e-06 0.999983
0.24 3.64751e-13 3.27839e-13 1.14834e-05 5.10374e-08 1.14834e-05 0.999977
0.36 3.82759e-13 3.27836e-13 1.71256e-05 5.13772e-08 1.71256e-05 0.999966
0.48 4.13002e-13 3.27832e-13 2.66123e-05 5.20029e-08 2.66123e-05 0.999947
0.6 4.61529e-13 3.27826e-13 4.1854e-05 5.31206e-08 4.1854e-05 0.999916
0.72 5.37706e-13 3.27816e-13 6.5812e-05 5.50954e-08 6.5812e-05 0.999868
0.84 6.55668e-13 3.27803e-13 0.000102958 5.85681e-08 0.000102958 0.999794
0.96 8.36376e-13 3.27784e-13 0.000159929 6.46597e-08 0.000159929 0.99968
1.08 1.11049e-12 3.27758e-13 0.000246439 7.5331e-08 0.000246439 0.999507
1.2 1.52228e-12 3.27725e-13 0.000376529 9.40095e-08 0.000376529 0.999247
1.32 2.13491e-12 3.27687e-13 0.000570239 1.26688e-07 0.000570239 0.998859
1.44 3.03734e-12 3.27649e-13 0.000855815 1.83846e-07 0.000855815 0.998288
1.56 4.35328e-12 3.27628e-13 0.00127256 2.83801e-07 0.00127256 0.997455
1.68 6.25249e-12 3.27661e-13 0.00187443 4.58573e-07 0.00187443 0.996251
1.8 8.9648e-12 3.27819e-13 0.00273451 7.64094e-07 0.00273451 0.99453
1.92 1.27969e-11 3.28243e-13 0.00395039 1.29798e-06 0.00395039 0.992098
2.04 1.81521e-11 3.29197e-13 0.00565044 2.23039e-06 0.00565044 0.988697
2.16 2.55523e-11 3.31161e-13 0.00800084 3.85727e-06 0.00800084 0.983994
2.28 3.56613e-11 3.35001e-13 0.011213 6.69215e-06 0.011213 0.977567
2.4 4.93069e-11 3.4224e-13 0.0155509 1.16228e-05 0.0155509 0.968886
2.52 6.74981e-11 3.5554e-13 0.0213362 2.01771e-05 0.0213362 0.957307
2.64 9.14305e-11 3.79494e-13 0.0289501 3.49692e-05 0.0289501 0.942065
2.76 1.22468e-10 4.21931e-13 0.0388283 6.04402e-05 0.0388283 0.922283
2.88 1.6209e-10 4.96058e-13 0.0514431 0.000104068 0.0514431 0.89701
3 2.11778e-10 6.23885e-13 0.0672684 0.000178314 0.0672684 0.865285
3.12 2.72834e-10 8.41646e-13 0.0867211 0.000303692 0.0867211 0.826254
3.24 3.46112e-10 1.20821e-12 0.110077 0.000513527 0.110077 0.779333
3.36 4.3169e-10 1.81803e-12 0.137363 0.00086122 0.137363 0.724413
3.48 5.28526e-10 2.82097e-12 0.168252 0.00143128 0.168252 0.662065
3.6 6.34214e-10 4.45338e-12 0.20198 0.00235633 0.20198 0.593683
3.72 7.44939e-10 7.0886e-12 0.237335 0.00384448 0.237335 0.521485
3.84 8.55716e-10 1.13258e-11 0.27273 0.00622691 0.27273 0.448314
3.96 9.60868e-10 1.81605e-11 0.306354 0.0100498 0.306354 0.377243
4.08 1.05452e-09 2.93469e-11 0.336333 0.0162716 0.336333 0.311063
4.2 1.13064e-09 4.8223e-11 0.360741 0.0267222 0.360741 0.251796
4.32 1.1819e-09 8.16553e-11 0.377238 0.0452079 0.377238 0.200316
4.44 1.19612e-09 1.44366e-10 0.381925 0.0800339 0.381925 0.156116
4.56 1.14935e-09 2.66208e-10 0.367148 0.148432 0.367148 0.117272
4.68 1.0035e-09 4.91965e-10 0.320714 0.277303 0.320714 0.0812683
4.8 7.44024e-10 8.3141e-10 0.237932 0.475866 0.237932 0.04827
4.92 4.54736e-10 1.17448e-09 0.145541 0.685328 0.145541 0.0235907
5.04 2.45605e-10 1.39354e-09 0.0786966 0.832525 0.0786966 0.0100821
5.16 1.29063e-10 1.4862e-09 0.0414145 0.913004 0.0414145 0.0041669
5.28 6.95211e-11 1.50428e-09 0.0223447 0.953524 0.0223447 0.00178708
5.4 3.88672e-11 1.48748e-09 0.012512 0.974155 0.012512 0.000821173
5.52 2.25618e-11 1.45829e-09 0.00727287 0.985046 0.00727287 0.000408188
5.64 1.38097e-11 1.42962e-09 0.00445604 0.990865 0.00445604 0.000222696
5.76 9.45776e-12 1.4093e-09 0.00305358 0.993751 0.00305358 0.000141284
5.88 8.09936e-12 1.40182e-09 0.00261548 0.994651 0.00261548 0.000117531
6 9.3181e-12 1.4087e-09 0.00300841 0.993844 0.00300841 0.000139072
6.12 1.34838e-11 1.42856e-09 0.00435068 0.991081 0.00435068 0.000217052
6.24 2.1933e-11 1.45709e-09 0.00706972 0.985465 0.00706972 0.000395582
6.36 3.76825e-11 1.48664e-09 0.0121296 0.974948 0.0121296 0.000792304
6.48 6.72342e-11 1.50471e-09 0.0216072 0.955068 0.0216072 0.00171711
6.6 1.24523e-10 1.48952e-09 0.0399516 0.916106 0.0399516 0.00399079
6.72 2.36783e-10 1.4025e-09 0.0758558 0.838637 0.0758558 0.00965102
6.84 4.40016e-10 1.19152e-09 0.140797 0.69572 0.140797 0.0226851
6.96 7.26832e-10 8.52882e-10 0.232375 0.48836 0.232375 0.0468897
7.08 9.91067e-10 5.08881e-10 0.316654 0.286892 0.316654 0.0798
7.2 1.14334e-09 2.75944e-10 0.365124 0.153847 0.365124 0.115905
7.32 1.19435e-09 1.49367e-10 0.381247 0.0827742 0.381247 0.154732
7.44 1.18249e-09 8.42381e-11 0.377313 0.0466087 0.377313 0.198766
7.56 1.13262e-09 4.9626e-11 0.361263 0.0274795 0.361263 0.249995
7.68 1.0574e-09 3.01502e-11 0.337149 0.0167051 0.337149 0.308996
7.8 9.64359e-10 1.86383e-11 0.307371 0.0103081 0.307371 0.37495
7.92 8.59563e-10 1.1616e-11 0.273869 0.0063842 0.273869 0.445877
8.04 7.48914e-10 7.26644e-12 0.238526 0.00394103 0.238526 0.519007
8.16 6.38113e-10 4.56237e-12 0.203157 0.00241556 0.203157 0.591271
8.28 5.3218e-10 2.88745e-12 0.169361 0.0014674 0.169361 0.659811
8.4 4.34982e-10 1.85826e-12 0.138366 0.00088306 0.138366 0.722385
8.52 3.48979e-10 1.23234e-12 0.110952 0.000526613 0.110952 0.777569
8.64 2.75256e-10 8.55982e-13 0.0874627 0.000311462 0.0874627 0.824763
8.76 2.13773e-10 6.32322e-13 0.06788 0.000182889 0.06788 0.864057
8.88 1.63697e-10 5.00977e-13 0.0519364 0.000106743 0.0519364 0.896021
9 1.23737e-10 4.24772e-13 0.0392184 6.19937e-05 0.0392184 0.921501
9.12 9.24164e-11 3.81119e-13 0.0292534 3.58669e-05 0.0292534 0.941457
9.24 6.82525e-11 3.5646e-13 0.0215683 2.06937e-05 0.0215683 0.956843
9.36 4.9876e-11 3.42753e-13 0.0157262 1.19192e-05 0.0157262 0.968536
9.48 3.60852e-11 3.35284e-13 0.0113436 6.86177e-06 0.0113436 0.977306
9.6 2.58642e-11 3.31315e-13 0.00809692 3.95417e-06 0.00809692 0.983802
9.72 1.83789e-11 3.29278e-13 0.0057203 2.28567e-06 0.0057203 0.988557
9.84 1.29599e-11 3.28284e-13 0.00400061 1.3295e-06 0.00400061 0.991997
9.96 9.08064e-12 3.27839e-13 0.0027702 7.82054e-07 0.0027702 0.994459
10.08 6.33393e-12 3.2767e-13 0.00189951 4.68806e-07 0.00189951 0.9962
10.2 4.40992e-12 3.27632e-13 0.00129 2.89632e-07 0.00129 0.99742
10.32 3.07631e-12 3.2765e-13 0.000867809 1.87169e-07 0.000867809 0.998264
10.44 2.16144e-12 3.27686e-13 0.000578399 1.28583e-07 0.000578399 0.998843
10.56 1.54014e-12 3.27724e-13 0.00038202 9.50909e-08 0.00038202 0.999236
10.68 1.12237e-12 3.27757e-13 0.000250088 7.59486e-08 0.000250088 0.9995
10.8 8.4415e-13 3.27783e-13 0.000162315 6.50129e-08 0.000162315 0.999675
10.92 6.60625e-13 3.27802e-13 0.000104479 5.87703e-08 0.000104479 0.999791
11.04 5.40695e-13 3.27816e-13 6.67283e-05 5.5211e-08 6.67283e-05 0.999866
11.16 4.63068e-13 3.27826e-13 4.23252e-05 5.31857e-08 4.23252e-05 0.999915
11.28 4.13342e-13 3.27832e-13 2.67151e-05 5.20369e-08 2.67151e-05 0.999947
11.4 3.81907e-13 3.27837e-13 1.68609e-05 5.13888e-08 1.68609e-05 0.999966
11.52 3.6245e-13 3.27839e-13 1.07707e-05 5.10275e-08 1.07707e-05 0.999978
11.64 3.50932e-13 3.27841e-13 7.17039e-06 5.08322e-08 7.17039e-06 0.999986
11.76 3.44893e-13 3.27842e-13 5.28494e-06 5.07367e-08 5.28494e-06 0.999989
11.88 3.43019e-13 3.27842e-13 4.69987e-06 5.07082e-08 4.69987e-06 0.999991
