0 3.52289e-13 3.27841e-13 7.58301e-06 5.08203e-08 7.58301e-06 0.999985
0.12 3.55238e-13 3.2784e-13 8.50541e-06 5.08703e-08 8.50541e-06 0.999983
0.24 3.6471e-13 3.27839e-13 1.14703e-05 5.10371e-08 1.14703e-05 0.999977
0.36 3.827e-13 3.27836e-13 1.71063e-05 5.13766e-08 1.71063e-05 0.999966
0.48 4.12912e-13 3.27832e-13 2.65828e-05 5.20018e-08 2.65828e-05 0.999947
0.6 4.61389e-13 3.27826e-13 4.18084e-05 5.31186e-08 4.18084e-05 0.999916
0.72 5.37492e-13 3.27817e-13 6.57417e-05 5.50918e-08 6.57417e-05 0.999868
0.84 6.55341e-13 3.27803e-13 0.00010285 5.85617e-08 0.00010285 0.999794
0.96 8.35879e-13 3.27784e-13 0.000159765 6.46485e-08 0.000159765 0.99968
1.08 1.10974e-12 3.27758e-13 0.000246192 7.53113e-08 0.000246192 0.999508
1.2 1.52117e-12 3.27725e-13 0.000376161 9.39753e-08 0.000376161 0.999248
1.32 2.13327e-12 3.27687e-13 0.000569695 1.26629e-07 0.000569695 0.998861
1.44 3.03494e-12 3.27649e-13 0.000855019 1.83743e-07 0.000855019 0.99829
1.56 4.3498e-12 3.27629e-13 0.0012714 2.83623e-07 0.0012714 0.997457
1.68 6.2475e-12 3.27661e-13 0.00187277 4.58265e-07 0.00187277 0.996254
1.8 8.95772e-12 3.27819e-13 0.00273216 7.63564e-07 0.00273216 0.994535
1.92 1.2787e-11 3.28243e-13 0.00394709 1.29707e-06 0.00394709 0.992104
2.04 1.81383e-11 3.29197e-13 0.00564585 2.22882e-06 0.00564585 0.988706
2.16 2.55334e-11 3.31161e-13 0.00799453 3.85459e-06 0.00799453 0.984007
2.28 3.56356e-11 3.34998e-13 0.0112045 6.68757e-06 0.0112045 0.977584
2.4 4.92725e-11 3.42234e-13 0.0155394 1.1615e-05 0.0155394 0.968909
2.52 6.74526e-11 3.55529e-13 0.0213209 2.01639e-05 0.0213209 0.957338
2.64 9.1371e-11 3.79473e-13 0.0289302 3.4947e-05 0.0289302 0.942105
2.76 1.22392e-10 4.21891e-13 0.0388026 6.04033e-05 0.0388026 0.922334
2.88 1.61993e-10 4.95987e-13 0.0514104 0.000104007 0.0514104 0.897075
3 2.11658e-10 6.23765e-13 0.0672277 0.000178214 0.0672277 0.865366
3.12 2.72688e-10 8.41446e-13 0.0866715 0.000303532 0.0866715 0.826353
3.24 3.45939e-10 1.20789e-12 0.110017 0.000513275 0.110017 0.779452
3.36 4.31489e-10 1.81753e-12 0.137294 0.00086083 0.137294 0.724551
3.48 5.28302e-10 2.82022e-12 0.168175 0.00143069 0.168175 0.66222
3.6 6.33974e-10 4.45228e-12 0.201897 0.00235547 0.201897 0.593851
3.72 7.44691e-10 7.08707e-12 0.237248 0.00384325 0.237248 0.52166
3.84 8.55471e-10 1.13237e-11 0.272642 0.00622522 0.272642 0.44849
3.96 9.60638e-10 1.81579e-11 0.30627 0.0100476 0.30627 0.377412
4.08 1.05431e-09 2.93437e-11 0.336256 0.0162687 0.336256 0.31122
4.2 1.13046e-09 4.82195e-11 0.360673 0.0267184 0.360673 0.251936
4.32 1.18176e-09 8.16518e-11 0.37718 0.0452032 0.37718 0.200436
4.44 1.19601e-09 1.44363e-10 0.381879 0.0800275 0.381879 0.156215
4.56 1.14928e-09 2.66207e-10 0.367114 0.148423 0.367114 0.11735
4.68 1.00347e-09 4.91969e-10 0.320693 0.277289 0.320693 0.0813242
4.8 7.4402e-10 8.31429e-10 0.237924 0.475848 0.237924 0.0483042
4.92 4.54746e-10 1.17453e-09 0.14554 0.685313 0.14554 0.0236077
5.04 2.45616e-10 1.39361e-09 0.0786982 0.832514 0.0786982 0.0100894
5.16 1.29073e-10 1.48627e-09 0.0414166 0.912997 0.0414166 0.00416987
5.28 6.95285e-11 1.50436e-09 0.0223465 0.953519 0.0223465 0.00178833
5.4 3.88727e-11 1.48755e-09 0.0125136 0.974151 0.0125136 0.000821726
5.52 2.25658e-11 1.45835e-09 0.00727405 0.985043 0.00727405 0.00040845
5.64 1.38123e-11 1.42966e-09 0.00445683 0.990863 0.00445683 0.000222822
5.76 9.45903e-12 1.40932e-09 0.00305398 0.99375 0.00305398 0.000141335
5.88 8.09937e-12 1.40182e-09 0.00261548 0.994651 0.00261548 0.000117532
6 9.31684e-12 1.40868e-09 0.00300802 0.993845 0.00300802 0.000139022
6.12 1.34812e-11 1.42852e-09 0.00434989 0.991083 0.00434989 0.000216929
6.24 2.1929e-11 1.45703e-09 0.00706851 0.985467 0.00706851 0.000395327
6.36 3.76768e-11 1.48658e-09 0.012128 0.974952 0.012128 0.000791765
6.48 6.72264e-11 1.50464e-09 0.0216052 0.955074 0.0216052 0.0017159
6.6 1.24512e-10 1.48945e-09 0.0399492 0.916114 0.0399492 0.00398791
6.72 2.36769e-10 1.40243e-09 0.0758533 0.838649 0.0758533 0.00964395
6.84 4.40001e-10 1.19148e-09 0.140797 0.695738 0.140797 0.0226685
6.96 7.26831e-10 8.52868e-10 0.232381 0.488381 0.232381 0.0468562
7.08 9.91096e-10 5.08881e-10 0.316673 0.286909 0.316673 0.0797447
7.2 1.14341e-09 2.75948e-10 0.365157 0.153858 0.365157 0.115827
7.32 1.19445e-09 1.49371e-10 0.381293 0.0827815 0.381293 0.154633
7.44 1.18263e-09 8.42424e-11 0.37737 0.046614 0.37737 0.198646
7.56 1.13279e-09 4.963e-11 0.36133 0.0274835 0.36133 0.249856
7.68 1.05761e-09 3.01536e-11 0.337226 0.0167082 0.337226 0.30884
7.8 9.64588e-10 1.8641e-11 0.307454 0.0103105 0.307454 0.374781
7.92 8.59807e-10 1.16181e-11 0.273957 0.00638596 0.273957 0.445701
8.04 7.49162e-10 7.26805e-12 0.238613 0.00394231 0.238613 0.518831
8.16 6.38353e-10 4.56352e-12 0.203241 0.00241645 0.203241 0.591102
8.28 5.32404e-10 2.88824e-12 0.169438 0.001468 0.169438 0.659656
8.4 4.35183e-10 1.85878e-12 0.138435 0.000883463 0.138435 0.722247
8.52 3.49153e-10 1.23267e-12 0.111012 0.000526874 0.111012 0.777449
8.64 2.75403e-10 8.5619e-13 0.0875126 0.000311627 0.0875126 0.824663
8.76 2.13894e-10 6.32448e-13 0.067921 0.000182992 0.067921 0.863975
8.88 1.63794e-10 5.0105e-13 0.0519692 0.000106805 0.0519692 0.895955
9 1.23814e-10 4.24814e-13 0.0392444 6.20317e-05 0.0392444 0.921449
9.12 9.24763e-11 3.81141e-13 0.0292735 3.58897e-05 0.0292735 0.941417
9.24 6.82983e-11 3.56471e-13 0.0215837 2.07073e-05 0.0215837 0.956812
9.36 4.99107e-11 3.42759e-13 0.0157378 1.19272e-05 0.0157378 0.968513
9.48 3.61111e-11 3.35286e-13 0.0113523 6.86647e-06 0.0113523 0.977289
9.6 2.58833e-11 3.31315e-13 0.00810327 3.95692e-06 0.00810327 0.983789
9.72 1.83928e-11 3.29278e-13 0.00572493 2.28727e-06 0.00572493 0.988548
9.84 1.29699e-11 3.28284e-13 0.00400394 1.33043e-06 0.00400394 0.991991
9.96 9.08778e-12 3.27838e-13 0.00277257 7.82596e-07 0.00277257 0.994454
10.08 6.33897e-12 3.27669e-13 0.00190118 4.6912e-07 0.00190118 0.996197
10.2 4.41343e-12 3.27632e-13 0.00129116 2.89814e-07 0.00129116 0.997417
10.32 3.07874e-12 3.2765e-13 0.000868612 1.87274e-07 0.000868612 0.998263
10.44 2.1631e-12 3.27686e-13 0.000578948 1.28644e-07 0.000578948 0.998842
10.56 1.54127e-12 3.27724e-13 0.00038239 9.51258e-08 0.00038239 0.999235
10.68 1.12312e-12 3.27757e-13 0.000250336 7.59686e-08 0.000250336 0.999499
10.8 8.44651e-13 3.27783e-13 0.00016248 6.50244e-08 0.00016248 0.999675
10.92 6.60955e-13 3.27802e-13 0.000104587 5.87768e-08 0.000104587 0.999791
11.04 5.40911e-13 3.27816e-13 6.6799e-05 5.52147e-08 6.6799e-05 0.999866
11.16 4.63208e-13 3.27826e-13 4.23709e-05 5.31878e-08 4.23709e-05 0.999915
11.28 4.13433e-13 3.27832e-13 2.67445e-05 5.2038e-08 2.67445e-05 0.999946
11.4 3.81965e-13 3.27837e-13 1.68799e-05 5.13894e-08 1.68799e-05 0.999966
11.52 3.62487e-13 3.27839e-13 1.0783e-05 5.10278e-08 1.0783e-05 0.999978
11.64 3.50957e-13 3.27841e-13 7.17865e-06 5.08324e-08 7.17865e-06 0.999986
11.76 3.44912e-13 3.27842e-13 5.29106e-06 5.07368e-08 5.29106e-06 0.999989
11.88 3.43035e-13 3.27842e-13 4.70531e-06 5.07082e-08 4.70531e-06 0.999991
