0 3.59929e-13 3.27839e-13 1.00538e-05 5.08628e-08 1.00538e-05 0.99998
0.12 3.63803e-13 3.27839e-13 1.12775e-05 5.09254e-08 1.12775e-05 0.999977
0.24 3.76131e-13 3.27837e-13 1.5173e-05 5.11326e-08 1.5173e-05 0.99997
0.36 3.99369e-13 3.27834e-13 2.25218e-05 5.15525e-08 2.25218e-05 0.999955
0.48 4.38115e-13 3.27828e-13 3.4788e-05 5.23229e-08 3.4788e-05 0.99993
0.6 4.99851e-13 3.2782e-13 5.4354e-05 5.36944e-08 5.4354e-05 0.999891
0.72 5.96095e-13 3.27807e-13 8.48915e-05 5.61094e-08 8.48915e-05 0.99983
0.84 7.44111e-13 3.27789e-13 0.000131906 6.03416e-08 0.000131906 0.999736
0.96 9.69314e-13 3.27764e-13 0.000203508 6.77396e-08 0.000203508 0.999593
1.08 1.3086e-12 3.27729e-13 0.000311482 8.06528e-08 0.000311482 0.999377
1.2 1.81487e-12 3.27685e-13 0.000472729 1.03173e-07 0.000472729 0.999055
1.32 2.56301e-12 3.27631e-13 0.000711189 1.42425e-07 0.000711189 0.998578
1.44 3.65767e-12 3.27575e-13 0.00106034 2.10819e-07 0.00106034 0.997879
1.56 5.24331e-12 3.27535e-13 0.00156641 3.2996e-07 0.00156641 0.996867
1.68 7.51663e-12 3.27548e-13 0.00229237 5.37454e-07 0.00229237 0.995415
1.8 1.07418e-11 3.27697e-13 0.00332284 8.987e-07 0.00332284 0.993353
1.92 1.52686e-11 3.28139e-13 0.00476987 1.52731e-06 0.00476987 0.990459
2.04 2.15531e-11 3.29166e-13 0.00677964 2.62032e-06 0.00677964 0.986438
2.16 3.01804e-11 3.31316e-13 0.00953975 4.51867e-06 0.00953975 0.980916
2.28 4.18876e-11 3.35548e-13 0.0132866 7.81046e-06 0.0132866 0.973419
2.4 5.75843e-11 3.43551e-13 0.018312 1.3506e-05 0.018312 0.963362
2.52 7.83649e-11 3.58256e-13 0.0249673 2.33319e-05 0.0249673 0.950042
2.64 1.05505e-10 3.84691e-13 0.0336622 4.02196e-05 0.0336622 0.932635
2.76 1.40431e-10 4.31367e-13 0.0448544 6.91056e-05 0.0448544 0.910222
2.88 1.84638e-10 5.12526e-13 0.0590251 0.000118222 0.0590251 0.881831
3 2.3955e-10 6.51681e-13 0.0766328 0.000201137 0.0766328 0.846533
3.12 3.063e-10 8.87133e-13 0.0980424 0.000339921 0.0980424 0.803575
3.24 3.85427e-10 1.2804e-12 0.12343 0.000569966 0.12343 0.752571
3.36 4.76534e-10 1.92896e-12 0.15267 0.000947207 0.15267 0.693713
3.48 5.77981e-10 2.98563e-12 0.18524 0.00155895 0.18524 0.627961
3.6 6.86727e-10 4.6886e-12 0.220167 0.00254044 0.220167 0.557125
3.72 7.98428e-10 7.41063e-12 0.25606 0.00410154 0.25606 0.483779
3.84 9.07827e-10 1.17459e-11 0.291232 0.00657364 0.291232 0.410963
3.96 1.00934e-09 1.86788e-11 0.323889 0.0105012 0.323889 0.341721
4.08 1.09751e-09 2.9944e-11 0.352283 0.0168398 0.352283 0.278595
4.2 1.16697e-09 4.88518e-11 0.374684 0.0274211 0.374684 0.223211
4.32 1.21106e-09 8.2232e-11 0.388951 0.0460714 0.388951 0.176026
4.44 1.21802e-09 1.44759e-10 0.391304 0.081167 0.391304 0.136225
4.56 1.16398e-09 2.66179e-10 0.374062 0.150095 0.374062 0.101782
4.68 1.01079e-09 4.90853e-10 0.324948 0.27987 0.324948 0.0702331
4.8 7.45004e-10 8.27466e-10 0.239609 0.479219 0.239609 0.0415629
4.92 4.52585e-10 1.1658e-09 0.145645 0.688446 0.145645 0.0202638
5.04 2.43058e-10 1.38072e-09 0.0782782 0.834784 0.0782782 0.00865949
5.16 1.26971e-10 1.47145e-09 0.0409303 0.914553 0.0409303 0.00358657
5.28 6.79273e-11 1.48949e-09 0.0219188 0.954619 0.0219188 0.00154363
5.4 3.769e-11 1.47401e-09 0.0121724 0.974942 0.0121724 0.000712548
5.52 2.17387e-11 1.44728e-09 0.00702495 0.985593 0.00702495 0.000356946
5.64 1.33038e-11 1.42204e-09 0.00430003 0.991201 0.00430003 0.000198538
5.76 9.25136e-12 1.40593e-09 0.00298936 0.993889 0.00298936 0.000132118
5.88 8.19301e-12 1.40305e-09 0.00264532 0.99459 0.00264532 0.000119203
6 9.73533e-12 1.41441e-09 0.00313965 0.993568 0.00313965 0.000152216
6.12 1.42832e-11 1.43816e-09 0.00459954 0.990553 0.00459954 0.000247556
6.24 2.32361e-11 1.46958e-09 0.00746898 0.984603 0.00746898 0.000459166
6.36 3.97395e-11 1.50077e-09 0.0127466 0.973578 0.0127466 0.000928368
6.48 7.05759e-11 1.51882e-09 0.0225849 0.952803 0.0225849 0.00202745
6.6 1.30246e-10 1.50105e-09 0.041585 0.912088 0.041585 0.00474179
6.72 2.46699e-10 1.40726e-09 0.0786106 0.831282 0.0786106 0.0114969
6.84 4.54925e-10 1.18503e-09 0.144743 0.683602 0.144743 0.0269118
6.96 7.41262e-10 8.37452e-10 0.235593 0.473833 0.235593 0.054981
7.08 9.95386e-10 4.94432e-10 0.316113 0.275495 0.316113 0.0922793
7.2 1.13485e-09 2.66825e-10 0.360182 0.14705 0.360182 0.132587
7.32 1.17511e-09 1.44185e-10 0.372762 0.0789748 0.372762 0.175502
7.44 1.15445e-09 8.11657e-11 0.366031 0.0443653 0.366031 0.223572
7.56 1.09705e-09 4.76541e-11 0.347674 0.0260444 0.347674 0.278609
7.68 1.01557e-09 2.88096e-11 0.321713 0.0157349 0.321713 0.34084
7.8 9.17926e-10 1.77044e-11 0.290655 0.00963686 0.290655 0.409054
7.92 8.10602e-10 1.09654e-11 0.256561 0.00591964 0.256561 0.480958
8.04 6.99703e-10 6.81957e-12 0.221364 0.00362351 0.221364 0.553649
8.16 5.90807e-10 4.26187e-12 0.186828 0.00220253 0.186828 0.624142
8.28 4.88531e-10 2.69021e-12 0.154411 0.00132743 0.154411 0.689852
8.4 3.9616e-10 1.73199e-12 0.125149 0.000792982 0.125149 0.748909
8.52 3.15552e-10 1.15348e-12 0.0996261 0.000469753 0.0996261 0.800278
8.64 2.47275e-10 8.07905e-13 0.0780174 0.000276185 0.0780174 0.843689
8.76 1.90913e-10 6.03705e-13 0.0601872 0.000161328 0.0601872 0.879464
8.88 1.45408e-10 4.84357e-13 0.0457977 9.37304e-05 0.0457977 0.908311
9 1.09371e-10 4.15376e-13 0.0344068 5.42227e-05 0.0344068 0.931132
9.12 8.13105e-11 3.75973e-13 0.0255412 3.12657e-05 0.0255412 0.948886
9.24 5.9791e-11 3.53754e-13 0.018745 1.79881e-05 0.018745 0.962492
9.36 4.35148e-11 3.41411e-13 0.013607 1.0337e-05 0.013607 0.972776
9.48 3.13624e-11 3.34679e-13 0.00977267 5.94058e-06 0.00977267 0.980449
9.6 2.23994e-11 3.31092e-13 0.00694608 3.41968e-06 0.00694608 0.986104
9.72 1.58661e-11 3.29239e-13 0.00488682 1.97639e-06 0.00488682 0.990224
9.84 1.11578e-11 3.28326e-13 0.00340365 1.15092e-06 0.00340365 0.993192
9.96 7.80226e-12 3.27906e-13 0.00234729 6.79121e-07 0.00234729 0.995305
10.08 5.43672e-12 3.27738e-13 0.00160308 4.09563e-07 0.00160308 0.996793
10.2 3.78679e-12 3.27691e-13 0.00108438 2.55581e-07 0.00108438 0.997831
10.32 2.64796e-12 3.27697e-13 0.000726645 1.67624e-07 0.000726645 0.998547
10.44 1.86993e-12 3.27722e-13 0.000482453 1.17382e-07 0.000482453 0.999035
10.56 1.34369e-12 3.2775e-13 0.000317444 8.86835e-08 0.000317444 0.999365
10.68 9.9123e-13 3.27776e-13 0.000207041 7.22926e-08 0.000207041 0.999586
10.8 7.57424e-13 3.27796e-13 0.000133886 6.29338e-08 0.000133886 0.999732
10.92 6.03778e-13 3.27811e-13 8.58708e-05 5.75936e-08 8.58708e-05 0.999828
11.04 5.03746e-13 3.27822e-13 5.46521e-05 5.45496e-08 5.46521e-05 0.999891
11.16 4.39231e-13 3.2783e-13 3.45476e-05 5.28175e-08 3.45476e-05 0.999931
11.28 3.98052e-13 3.27835e-13 2.17348e-05 5.18349e-08 2.17348e-05 0.999956
11.4 3.72108e-13 3.27838e-13 1.36758e-05 5.12804e-08 1.36758e-05 0.999973
11.52 3.56104e-13 3.2784e-13 8.71252e-06 5.09711e-08 8.71252e-06 0.999983
11.64 3.46661e-13 3.27842e-13 5.78849e-06 5.08039e-08 5.78849e-06 0.999988
11.76 3.41727e-13 3.27842e-13 4.26242e-06 5.07222e-08 4.26242e-06 0.999991
11.88 3.402e-13 3.27843e-13 3.79076e-06 5.06978e-08 3.79076e-06 0.999992
