0 3.52443e-13 3.27841e-13 7.63301e-06 5.08211e-08 7.63301e-06 0.999985
0.12 3.5541e-13 3.2784e-13 8.56152e-06 5.08713e-08 8.56152e-06 0.999983
0.24 3.64942e-13 3.27839e-13 1.15455e-05 5.10389e-08 1.15455e-05 0.999977
0.36 3.8304e-13 3.27836e-13 1.72171e-05 5.138e-08 1.72171e-05 0.999966
0.48 4.13431e-13 3.27832e-13 2.67521e-05 5.20081e-08 2.67521e-05 0.999946
0.6 4.62188e-13 3.27826e-13 4.20697e-05 5.31302e-08 4.20697e-05 0.999916
0.72 5.3872e-13 3.27816e-13 6.61444e-05 5.51126e-08 6.61444e-05 0.999868
0.84 6.57219e-13 3.27803e-13 0.000103467 5.85984e-08 0.000103467 0.999793
0.96 8.38729e-13 3.27783e-13 0.000160702 6.4713e-08 0.000160702 0.999679
1.08 1.11403e-12 3.27757e-13 0.000247604 7.54241e-08 0.000247604 0.999505
1.2 1.52755e-12 3.27724e-13 0.000378268 9.41716e-08 0.000378268 0.999243
1.32 2.1427e-12 3.27686e-13 0.000572809 1.2697e-07 0.000572809 0.998854
1.44 3.04872e-12 3.27648e-13 0.000859578 1.84333e-07 0.000859578 0.998281
1.56 4.36975e-12 3.27627e-13 0.00127801 2.84643e-07 0.00127801 0.997444
1.68 6.27609e-12 3.27659e-13 0.00188225 4.60026e-07 0.00188225 0.996235
1.8 8.99824e-12 3.27816e-13 0.00274561 7.66599e-07 0.00274561 0.994508
1.92 1.28438e-11 3.28241e-13 0.00396599 1.30229e-06 0.00396599 0.992067
2.04 1.82172e-11 3.29196e-13 0.0056721 2.23778e-06 0.0056721 0.988653
2.16 2.56416e-11 3.31164e-13 0.0080306 3.86994e-06 0.0080306 0.983935
2.28 3.57824e-11 3.35011e-13 0.0112535 6.71377e-06 0.0112535 0.977486
2.4 4.94691e-11 3.42265e-13 0.0156052 1.16595e-05 0.0156052 0.968778
2.52 6.77129e-11 3.55593e-13 0.0214081 2.02392e-05 0.0214081 0.957163
2.64 9.17108e-11 3.79597e-13 0.0290442 3.50737e-05 0.0290442 0.941876
2.76 1.22829e-10 4.2212e-13 0.0389497 6.06144e-05 0.0389497 0.92204
2.88 1.62547e-10 4.96391e-13 0.051597 0.000104356 0.051597 0.896701
3 2.12346e-10 6.24454e-13 0.0674602 0.000178783 0.0674602 0.864901
3.12 2.73524e-10 8.42588e-13 0.0869552 0.000304445 0.0869552 0.825785
3.24 3.46931e-10 1.20973e-12 0.110356 0.000514716 0.110356 0.778774
3.36 4.32633e-10 1.82039e-12 0.137686 0.000863058 0.137686 0.723765
3.48 5.29578e-10 2.82454e-12 0.168615 0.00143405 0.168615 0.661337
3.6 6.35345e-10 4.45856e-12 0.202374 0.0023604 0.202374 0.592893
3.72 7.46105e-10 7.09583e-12 0.237745 0.00385026 0.237745 0.52066
3.84 8.56866e-10 1.13354e-11 0.27314 0.00623488 0.27314 0.447486
3.96 9.61951e-10 1.81727e-11 0.306747 0.0100604 0.306747 0.376445
4.08 1.05549e-09 2.93615e-11 0.336695 0.0162854 0.336695 0.310325
4.2 1.13147e-09 4.82393e-11 0.361061 0.0267396 0.361061 0.251139
4.32 1.18257e-09 8.16717e-11 0.377509 0.0452302 0.377509 0.199752
4.44 1.19663e-09 1.4438e-10 0.382144 0.0800638 0.382144 0.155649
4.56 1.14969e-09 2.66214e-10 0.367309 0.148475 0.367309 0.116906
4.68 1.00367e-09 4.91946e-10 0.320813 0.277368 0.320813 0.0810053
4.8 7.44046e-10 8.31321e-10 0.237972 0.475946 0.237972 0.0481093
4.92 4.54689e-10 1.17428e-09 0.145545 0.685399 0.145545 0.0235107
5.04 2.45549e-10 1.39324e-09 0.0786887 0.832575 0.0786887 0.0100479
5.16 1.29018e-10 1.48586e-09 0.0414047 0.913038 0.0414047 0.00415296
5.28 6.94865e-11 1.50394e-09 0.0223357 0.953547 0.0223357 0.00178125
5.4 3.88412e-11 1.48716e-09 0.0125047 0.974172 0.0125047 0.000818576
5.52 2.25432e-11 1.45803e-09 0.00726731 0.985058 0.00726731 0.000406959
5.64 1.37976e-11 1.42943e-09 0.00445233 0.990873 0.00445233 0.000222107
5.76 9.4518e-12 1.4092e-09 0.00305173 0.993755 0.00305173 0.000141041
5.88 8.09937e-12 1.40182e-09 0.00261548 0.994651 0.00261548 0.000117529
6 9.32413e-12 1.4088e-09 0.00301029 0.99384 0.00301029 0.000139308
6.12 1.34961e-11 1.42876e-09 0.00435447 0.991073 0.00435447 0.00021763
6.24 2.19523e-11 1.45735e-09 0.00707547 0.985452 0.00707547 0.000396789
6.36 3.77098e-11 1.48696e-09 0.0121375 0.97493 0.0121375 0.000794851
6.48 6.72718e-11 1.50506e-09 0.0216172 0.955043 0.0216172 0.00172282
6.6 1.24575e-10 1.48986e-09 0.0399638 0.916068 0.0399638 0.00400442
6.72 2.36854e-10 1.40279e-09 0.0758688 0.838578 0.0758688 0.0096845
6.84 4.40092e-10 1.1917e-09 0.140803 0.69563 0.140803 0.0227636
6.96 7.26851e-10 8.52935e-10 0.232348 0.488255 0.232348 0.0470484
7.08 9.90935e-10 5.08868e-10 0.316566 0.286807 0.316566 0.0800607
7.2 1.14303e-09 2.75919e-10 0.36497 0.153791 0.36497 0.116269
7.32 1.19385e-09 1.49343e-10 0.381033 0.0827379 0.381033 0.155196
7.44 1.18183e-09 8.42163e-11 0.377044 0.0465831 0.377044 0.199328
7.56 1.13179e-09 4.96068e-11 0.360945 0.0274602 0.360945 0.25065
7.68 1.05644e-09 3.01338e-11 0.336789 0.0166903 0.336789 0.309732
7.8 9.6328e-10 1.86249e-11 0.306979 0.0102968 0.306979 0.375746
7.92 8.58415e-10 1.16057e-11 0.27346 0.00637581 0.27346 0.446704
8.04 7.4775e-10 7.25879e-12 0.238117 0.00393498 0.238117 0.519831
8.16 6.36982e-10 4.55693e-12 0.202764 0.00241132 0.202764 0.59206
8.28 5.31127e-10 2.88372e-12 0.168998 0.00146452 0.168998 0.66054
8.4 4.34038e-10 1.85579e-12 0.138043 0.000881159 0.138043 0.723034
8.52 3.48159e-10 1.23076e-12 0.110673 0.000525385 0.110673 0.778128
8.64 2.74565e-10 8.55001e-13 0.0872283 0.000310685 0.0872283 0.825233
8.76 2.13205e-10 6.31731e-13 0.0676879 0.000182407 0.0676879 0.864442
8.88 1.63239e-10 5.0063e-13 0.0517822 0.000106447 0.0517822 0.896329
9 1.23376e-10 4.24576e-13 0.039097 6.18149e-05 0.039097 0.921744
9.12 9.21357e-11 3.81012e-13 0.0291592 3.57599e-05 0.0291592 0.941646
9.24 6.80375e-11 3.56404e-13 0.0214963 2.06301e-05 0.0214963 0.956987
9.36 4.97137e-11 3.42727e-13 0.0156719 1.18816e-05 0.0156719 0.968644
9.48 3.59641e-11 3.35273e-13 0.0113032 6.83972e-06 0.0113032 0.977387
9.6 2.57749e-11 3.31312e-13 0.00806715 3.94127e-06 0.00806715 0.983862
9.72 1.83138e-11 3.29278e-13 0.00569864 2.27815e-06 0.00569864 0.9886
9.84 1.2913e-11 3.28286e-13 0.00398502 1.32512e-06 0.00398502 0.992029
9.96 9.04723e-12 3.27841e-13 0.0027591 7.79513e-07 0.0027591 0.994481
10.08 6.31037e-12 3.27672e-13 0.0018917 4.67333e-07 0.0018917 0.996216
10.2 4.39347e-12 3.27634e-13 0.00128455 2.88779e-07 0.00128455 0.997431
10.32 3.06496e-12 3.27651e-13 0.000864054 1.86677e-07 0.000864054 0.998272
10.44 2.15368e-12 3.27687e-13 0.000575835 1.28299e-07 0.000575835 0.998848
10.56 1.53488e-12 3.27725e-13 0.000380286 9.49274e-08 0.000380286 0.999239
10.68 1.11884e-12 3.27758e-13 0.000248927 7.58548e-08 0.000248927 0.999502
10.8 8.41807e-13 3.27784e-13 0.000161545 6.49593e-08 0.000161545 0.999677
10.92 6.59082e-13 3.27803e-13 0.000103972 5.87398e-08 0.000103972 0.999792
11.04 5.39688e-13 3.27816e-13 6.6398e-05 5.51938e-08 6.6398e-05 0.999867
11.16 4.62415e-13 3.27826e-13 4.21114e-05 5.31761e-08 4.21114e-05 0.999916
11.28 4.12922e-13 3.27832e-13 2.65776e-05 5.20316e-08 2.65776e-05 0.999947
11.4 3.81636e-13 3.27837e-13 1.67727e-05 5.1386e-08 1.67727e-05 0.999966
11.52 3.62274e-13 3.27839e-13 1.07135e-05 5.10261e-08 1.07135e-05 0.999979
11.64 3.50813e-13 3.27841e-13 7.13183e-06 5.08315e-08 7.13183e-06 0.999986
11.76 3.44805e-13 3.27842e-13 5.25639e-06 5.07364e-08 5.25639e-06 0.999989
11.88 3.4294e-13 3.27842e-13 4.6745e-06 5.07079e-08 4.6745e-06 0.999991
