0 3.52282e-13 3.27841e-13 7.58069e-06 5.08203e-08 7.58069e-06 0.999985
0.12 3.5523e-13 3.2784e-13 8.50281e-06 5.08702e-08 8.50281e-06 0.999983
0.24 3.647e-13 3.27839e-13 1.14668e-05 5.1037e-08 1.14668e-05 0.999977
0.36 3.82684e-13 3.27836e-13 1.71011e-05 5.13764e-08 1.71011e-05 0.999966
0.48 4.12888e-13 3.27832e-13 2.65749e-05 5.20015e-08 2.65749e-05 0.999947
0.6 4.61352e-13 3.27826e-13 4.17963e-05 5.31181e-08 4.17963e-05 0.999916
0.72 5.37435e-13 3.27817e-13 6.57231e-05 5.50908e-08 6.57231e-05 0.999869
0.84 6.55254e-13 3.27803e-13 0.000102822 5.85599e-08 0.000102822 0.999794
0.96 8.35747e-13 3.27784e-13 0.000159722 6.46455e-08 0.000159722 0.999681
1.08 1.10954e-12 3.27758e-13 0.000246127 7.53061e-08 0.000246127 0.999508
1.2 1.52087e-12 3.27725e-13 0.000376063 9.39662e-08 0.000376063 0.999248
1.32 2.13283e-12 3.27687e-13 0.000569551 1.26613e-07 0.000569551 0.998861
1.44 3.0343e-12 3.27649e-13 0.000854808 1.83715e-07 0.000854808 0.99829
1.56 4.34887e-12 3.27629e-13 0.0012711 2.83575e-07 0.0012711 0.997458
1.68 6.24617e-12 3.27661e-13 0.00187233 4.58183e-07 0.00187233 0.996255
1.8 8.95584e-12 3.27819e-13 0.00273154 7.63423e-07 0.00273154 0.994536
1.92 1.27843e-11 3.28243e-13 0.00394621 1.29683e-06 0.00394621 0.992106
2.04 1.81347e-11 3.29197e-13 0.00564463 2.2284e-06 0.00564463 0.988708
2.16 2.55284e-11 3.31161e-13 0.00799286 3.85388e-06 0.00799286 0.98401
2.28 3.56288e-11 3.34998e-13 0.0112022 6.68636e-06 0.0112022 0.977589
2.4 4.92634e-11 3.42233e-13 0.0155364 1.16129e-05 0.0155364 0.968916
2.52 6.74405e-11 3.55526e-13 0.0213169 2.01604e-05 0.0213169 0.957346
2.64 9.13553e-11 3.79467e-13 0.0289249 3.49412e-05 0.0289249 0.942115
2.76 1.22371e-10 4.21881e-13 0.0387958 6.03934e-05 0.0387958 0.922348
2.88 1.61968e-10 4.95968e-13 0.0514018 0.000103991 0.0514018 0.897092
3 2.11626e-10 6.23733e-13 0.0672169 0.000178188 0.0672169 0.865388
3.12 2.72649e-10 8.41393e-13 0.0866583 0.000303489 0.0866583 0.82638
3.24 3.45892e-10 1.2078e-12 0.110002 0.000513207 0.110002 0.779483
3.36 4.31436e-10 1.81739e-12 0.137276 0.000860726 0.137276 0.724587
3.48 5.28243e-10 2.82002e-12 0.168154 0.00143054 0.168154 0.662261
3.6 6.3391e-10 4.45199e-12 0.201875 0.00235524 0.201875 0.593895
3.72 7.44625e-10 7.08666e-12 0.237225 0.00384292 0.237225 0.521707
3.84 8.55406e-10 1.13232e-11 0.272619 0.00622477 0.272619 0.448537
3.96 9.60577e-10 1.81572e-11 0.306248 0.010047 0.306248 0.377457
4.08 1.05426e-09 2.93429e-11 0.336235 0.0162679 0.336235 0.311262
4.2 1.13041e-09 4.82186e-11 0.360655 0.0267175 0.360655 0.251973
4.32 1.18172e-09 8.16508e-11 0.377165 0.0452019 0.377165 0.200468
4.44 1.19598e-09 1.44362e-10 0.381866 0.0800258 0.381866 0.156241
4.56 1.14926e-09 2.66206e-10 0.367104 0.14842 0.367104 0.117371
4.68 1.00346e-09 4.91971e-10 0.320688 0.277285 0.320688 0.0813391
4.8 7.44019e-10 8.31434e-10 0.237921 0.475844 0.237921 0.0483133
4.92 4.54749e-10 1.17454e-09 0.14554 0.685309 0.14554 0.0236122
5.04 2.45619e-10 1.39362e-09 0.0786987 0.832512 0.0786987 0.0100913
5.16 1.29075e-10 1.48629e-09 0.0414171 0.912995 0.0414171 0.00417066
5.28 6.95304e-11 1.50438e-09 0.0223471 0.953517 0.0223471 0.00178866
5.4 3.88741e-11 1.48756e-09 0.012514 0.97415 0.012514 0.000821873
5.52 2.25669e-11 1.45836e-09 0.00727436 0.985042 0.00727436 0.000408519
5.64 1.3813e-11 1.42967e-09 0.00445704 0.990863 0.00445704 0.000222855
5.76 9.45937e-12 1.40933e-09 0.00305408 0.99375 0.00305408 0.000141349
5.88 8.09937e-12 1.40182e-09 0.00261548 0.994651 0.00261548 0.000117532
6 9.31651e-12 1.40867e-09 0.00300792 0.993845 0.00300792 0.000139009
6.12 1.34805e-11 1.42851e-09 0.00434968 0.991083 0.00434968 0.000216897
6.24 2.19279e-11 1.45702e-09 0.0070682 0.985468 0.0070682 0.000395259
6.36 3.76753e-11 1.48656e-09 0.0121276 0.974953 0.0121276 0.000791622
6.48 6.72244e-11 1.50462e-09 0.0216046 0.955075 0.0216046 0.00171558
6.6 1.24509e-10 1.48943e-09 0.0399486 0.916116 0.0399486 0.00398715
6.72 2.36766e-10 1.40242e-09 0.0758527 0.838653 0.0758527 0.00964207
6.84 4.39998e-10 1.19147e-09 0.140797 0.695742 0.140797 0.0226641
6.96 7.2683e-10 8.52864e-10 0.232383 0.488387 0.232383 0.0468472
7.08 9.91104e-10 5.08881e-10 0.316678 0.286914 0.316678 0.0797299
7.2 1.14343e-09 2.75949e-10 0.365166 0.153861 0.365166 0.115807
7.32 1.19448e-09 1.49372e-10 0.381305 0.0827835 0.381305 0.154607
7.44 1.18267e-09 8.42435e-11 0.377385 0.0466154 0.377385 0.198615
7.56 1.13284e-09 4.9631e-11 0.361348 0.0274846 0.361348 0.249819
7.68 1.05766e-09 3.01545e-11 0.337247 0.016709 0.337247 0.308798
7.8 9.64649e-10 1.86418e-11 0.307477 0.0103111 0.307477 0.374736
7.92 8.59872e-10 1.16187e-11 0.27398 0.00638643 0.27398 0.445654
8.04 7.49228e-10 7.26848e-12 0.238636 0.00394265 0.238636 0.518785
8.16 6.38417e-10 4.56383e-12 0.203263 0.00241669 0.203263 0.591058
8.28 5.32464e-10 2.88845e-12 0.169459 0.00146817 0.169459 0.659615
8.4 4.35237e-10 1.85892e-12 0.138453 0.000883571 0.138453 0.72221
8.52 3.492e-10 1.23276e-12 0.111028 0.000526943 0.111028 0.777418
8.64 2.75443e-10 8.56245e-13 0.0875259 0.000311671 0.0875259 0.824636
8.76 2.13926e-10 6.32481e-13 0.0679319 0.000183019 0.0679319 0.863953
8.88 1.6382e-10 5.01069e-13 0.051978 0.000106822 0.051978 0.895937
9 1.23835e-10 4.24825e-13 0.0392513 6.20418e-05 0.0392513 0.921435
9.12 9.24922e-11 3.81147e-13 0.0292789 3.58958e-05 0.0292789 0.941406
9.24 6.83105e-11 3.56475e-13 0.0215878 2.07109e-05 0.0215878 0.956804
9.36 4.99199e-11 3.4276e-13 0.0157408 1.19293e-05 0.0157408 0.968506
9.48 3.6118e-11 3.35287e-13 0.0113546 6.86772e-06 0.0113546 0.977284
9.6 2.58884e-11 3.31315e-13 0.00810497 3.95765e-06 0.00810497 0.983786
9.72 1.83965e-11 3.29278e-13 0.00572616 2.2877e-06 0.00572616 0.988545
9.84 1.29726e-11 3.28284e-13 0.00400482 1.33068e-06 0.00400482 0.991989
9.96 9.08968e-12 3.27838e-13 0.0027732 7.8274e-07 0.0027732 0.994453
10.08 6.34031e-12 3.27669e-13 0.00190162 4.69204e-07 0.00190162 0.996196
10.2 4.41437e-12 3.27632e-13 0.00129147 2.89862e-07 0.00129147 0.997417
10.32 3.07939e-12 3.2765e-13 0.000868825 1.87302e-07 0.000868825 0.998262
10.44 2.16354e-12 3.27686e-13 0.000579094 1.2866e-07 0.000579094 0.998842
10.56 1.54156e-12 3.27724e-13 0.000382489 9.51351e-08 0.000382489 0.999235
10.68 1.12332e-12 3.27757e-13 0.000250402 7.59739e-08 0.000250402 0.999499
10.8 8.44785e-13 3.27783e-13 0.000162524 6.50274e-08 0.000162524 0.999675
10.92 6.61043e-13 3.27802e-13 0.000104616 5.87785e-08 0.000104616 0.999791
11.04 5.40968e-13 3.27816e-13 6.68178e-05 5.52157e-08 6.68178e-05 0.999866
11.16 4.63245e-13 3.27826e-13 4.23831e-05 5.31883e-08 4.23831e-05 0.999915
11.28 4.13457e-13 3.27832e-13 2.67523e-05 5.20383e-08 2.67523e-05 0.999946
11.4 3.8198e-13 3.27837e-13 1.68849e-05 5.13896e-08 1.68849e-05 0.999966
11.52 3.62497e-13 3.27839e-13 1.07863e-05 5.10279e-08 1.07863e-05 0.999978
11.64 3.50964e-13 3.27841e-13 7.18085e-06 5.08324e-08 7.18085e-06 0.999986
11.76 3.44917e-13 3.27842e-13 5.29269e-06 5.07368e-08 5.29269e-06 0.999989
11.88 3.4304e-13 3.27842e-13 4.70676e-06 5.07082e-08 4.70676e-06 0.999991
