0 3.52636e-13 3.27841e-13 7.69563e-06 5.08221e-08 7.69563e-06 0.999985
0.12 3.55627e-13 3.2784e-13 8.63178e-06 5.08726e-08 8.63178e-06 0.999983
0.24 3.65231e-13 3.27839e-13 1.16397e-05 5.10412e-08 1.16397e-05 0.999977
0.36 3.83465e-13 3.27836e-13 1.73558e-05 5.13843e-08 1.73558e-05 0.999965
0.48 4.14079e-13 3.27832e-13 2.6964e-05 5.20161e-08 2.6964e-05 0.999946
0.6 4.63187e-13 3.27826e-13 4.23965e-05 5.31447e-08 4.23965e-05 0.999915
0.72 5.40256e-13 3.27816e-13 6.66477e-05 5.51385e-08 6.66477e-05 0.999867
0.84 6.59566e-13 3.27802e-13 0.000104238 5.86444e-08 0.000104238 0.999792
0.96 8.42289e-13 3.27783e-13 0.000161873 6.47938e-08 0.000161873 0.999676
1.08 1.11938e-12 3.27757e-13 0.000249366 7.55652e-08 0.000249366 0.999501
1.2 1.53553e-12 3.27723e-13 0.000380897 9.4417e-08 0.000380897 0.999238
1.32 2.15446e-12 3.27684e-13 0.000576694 1.27395e-07 0.000576694 0.998847
1.44 3.06592e-12 3.27645e-13 0.000865263 1.8507e-07 0.000865263 0.998269
1.56 4.39463e-12 3.27624e-13 0.00128625 2.85916e-07 0.00128625 0.997427
1.68 6.31171e-12 3.27655e-13 0.00189406 4.62223e-07 0.00189406 0.996211
1.8 9.04873e-12 3.27813e-13 0.00276237 7.70382e-07 0.00276237 0.994474
1.92 1.29146e-11 3.28238e-13 0.00398951 1.3088e-06 0.00398951 0.99202
2.04 1.83154e-11 3.29195e-13 0.00570478 2.24894e-06 0.00570478 0.988588
2.16 2.57762e-11 3.31168e-13 0.00807548 3.88904e-06 0.00807548 0.983845
2.28 3.59649e-11 3.35026e-13 0.0113144 6.74636e-06 0.0113144 0.977364
2.4 4.97136e-11 3.42303e-13 0.0156869 1.17149e-05 0.0156869 0.968614
2.52 6.80362e-11 3.55673e-13 0.0215164 2.03329e-05 0.0215164 0.956947
2.64 9.21328e-11 3.79751e-13 0.0291859 3.5231e-05 0.0291859 0.941593
2.76 1.23372e-10 4.22404e-13 0.0391322 6.08766e-05 0.0391322 0.921675
2.88 1.63233e-10 4.96892e-13 0.0518286 0.000104788 0.0518286 0.896238
3 2.13199e-10 6.25309e-13 0.0677486 0.000179488 0.0677486 0.864323
3.12 2.74561e-10 8.44004e-13 0.087307 0.000305578 0.087307 0.82508
3.24 3.48161e-10 1.212e-12 0.110774 0.000516502 0.110774 0.777935
3.36 4.3405e-10 1.82393e-12 0.138171 0.000865815 0.138171 0.722792
3.48 5.31158e-10 2.82988e-12 0.169159 0.00143821 0.169159 0.660244
3.6 6.37041e-10 4.46631e-12 0.202963 0.00236648 0.202963 0.591708
3.72 7.47853e-10 7.10664e-12 0.238359 0.00385891 0.238359 0.519423
3.84 8.58589e-10 1.13498e-11 0.273753 0.00624677 0.273753 0.446246
3.96 9.63572e-10 1.8191e-11 0.307336 0.0100763 0.307336 0.375252
4.08 1.05694e-09 2.93833e-11 0.337236 0.0163058 0.337236 0.309222
4.2 1.1327e-09 4.82635e-11 0.361539 0.0267656 0.361539 0.250157
4.32 1.18357e-09 8.1696e-11 0.377914 0.0452633 0.377914 0.198909
4.44 1.19738e-09 1.444e-10 0.382469 0.0801082 0.382469 0.154953
4.56 1.15019e-09 2.66222e-10 0.36755 0.14854 0.36755 0.11636
4.68 1.00391e-09 4.91917e-10 0.320961 0.277464 0.320961 0.0806134
4.8 7.44079e-10 8.31187e-10 0.238032 0.476066 0.238032 0.0478697
4.92 4.54617e-10 1.17398e-09 0.145551 0.685506 0.145551 0.0233915
5.04 2.45466e-10 1.39279e-09 0.0786768 0.83265 0.0786768 0.00999689
5.16 1.2895e-10 1.48534e-09 0.0413899 0.913088 0.0413899 0.0041322
5.28 6.94347e-11 1.50342e-09 0.0223223 0.953583 0.0223223 0.00177256
5.4 3.88023e-11 1.48669e-09 0.0124937 0.974198 0.0124937 0.000814705
5.52 2.25153e-11 1.45763e-09 0.00725898 0.985077 0.00725898 0.000405128
5.64 1.37796e-11 1.42914e-09 0.00444679 0.990885 0.00444679 0.00022123
5.76 9.44301e-12 1.40905e-09 0.00304899 0.993761 0.00304899 0.000140682
5.88 8.09957e-12 1.40182e-09 0.00261555 0.994651 0.00261555 0.000117528
6 9.33345e-12 1.40896e-09 0.0030132 0.993834 0.0030132 0.000139666
6.12 1.35151e-11 1.42905e-09 0.0043603 0.991061 0.0043603 0.000218505
6.24 2.1982e-11 1.45775e-09 0.00708439 0.985432 0.00708439 0.000398614
6.36 3.77525e-11 1.48744e-09 0.0121497 0.974902 0.0121497 0.000798705
6.48 6.73317e-11 1.50557e-09 0.0216333 0.955002 0.0216333 0.00173146
6.6 1.2466e-10 1.49036e-09 0.0399843 0.916006 0.0399843 0.00402507
6.72 2.36974e-10 1.4032e-09 0.075893 0.838479 0.075893 0.00973527
6.84 4.40232e-10 1.19193e-09 0.14082 0.695479 0.14082 0.0228825
6.96 7.26909e-10 8.52974e-10 0.232318 0.488076 0.232318 0.0472878
7.08 9.90763e-10 5.08819e-10 0.316443 0.286662 0.316443 0.0804525
7.2 1.14257e-09 2.75863e-10 0.364744 0.153698 0.364744 0.116815
7.32 1.19313e-09 1.49297e-10 0.380715 0.0826785 0.380715 0.155891
7.44 1.18084e-09 8.41789e-11 0.376645 0.0465422 0.376645 0.200168
7.56 1.13057e-09 4.95754e-11 0.360471 0.0274299 0.360471 0.251629
7.68 1.055e-09 3.01079e-11 0.336251 0.0166673 0.336251 0.310831
7.8 9.6167e-10 1.86042e-11 0.306394 0.0102795 0.306394 0.376934
7.92 8.56703e-10 1.15898e-11 0.27285 0.00636305 0.27285 0.447937
8.04 7.46014e-10 7.24708e-12 0.237507 0.00392582 0.237507 0.52106
8.16 6.35298e-10 4.54864e-12 0.202179 0.00240493 0.202179 0.593237
8.28 5.2956e-10 2.87806e-12 0.168458 0.00146019 0.168458 0.661624
8.4 4.32633e-10 1.85206e-12 0.137562 0.000878299 0.137562 0.723999
8.52 3.4694e-10 1.22838e-12 0.110258 0.000523542 0.110258 0.77896
8.64 2.73538e-10 8.53523e-13 0.08688 0.000309521 0.08688 0.825931
8.76 2.12361e-10 6.3084e-13 0.0674026 0.000181684 0.0674026 0.865013
8.88 1.6256e-10 5.00109e-13 0.0515533 0.000106005 0.0515533 0.896787
9 1.2284e-10 4.24281e-13 0.0389166 6.15479e-05 0.0389166 0.922105
9.12 9.17192e-11 3.80851e-13 0.0290194 3.56001e-05 0.0290194 0.941926
9.24 6.77187e-11 3.56321e-13 0.0213895 2.05353e-05 0.0213895 0.9572
9.36 4.94729e-11 3.42687e-13 0.0155913 1.18257e-05 0.0155913 0.968805
9.48 3.57845e-11 3.35256e-13 0.0112432 6.80687e-06 0.0112432 0.977507
9.6 2.56426e-11 3.31307e-13 0.00802304 3.92207e-06 0.00802304 0.98395
9.72 1.82174e-11 3.29279e-13 0.00566655 2.26695e-06 0.00566655 0.988665
9.84 1.28436e-11 3.28289e-13 0.00396194 1.31862e-06 0.00396194 0.992075
9.96 8.99776e-12 3.27845e-13 0.00274268 7.75736e-07 0.00274268 0.994514
10.08 6.2755e-12 3.27675e-13 0.00188014 4.65145e-07 0.00188014 0.996239
10.2 4.36915e-12 3.27636e-13 0.0012765 2.87514e-07 0.0012765 0.997447
10.32 3.04816e-12 3.27653e-13 0.000858502 1.85946e-07 0.000858502 0.998283
10.44 2.1422e-12 3.27689e-13 0.000572046 1.27878e-07 0.000572046 0.998856
10.56 1.52711e-12 3.27726e-13 0.000377724 9.46852e-08 0.000377724 0.999244
10.68 1.11363e-12 3.27759e-13 0.000247212 7.57158e-08 0.000247212 0.999506
10.8 8.38348e-13 3.27784e-13 0.000160407 6.48799e-08 0.000160407 0.999679
10.92 6.56805e-13 3.27803e-13 0.000103224 5.86946e-08 0.000103224 0.999793
11.04 5.38201e-13 3.27817e-13 6.59107e-05 5.51684e-08 6.59107e-05 0.999868
11.16 4.61452e-13 3.27826e-13 4.17963e-05 5.31619e-08 4.17963e-05 0.999916
11.28 4.12301e-13 3.27832e-13 2.6375e-05 5.20238e-08 2.6375e-05 0.999947
11.4 3.81237e-13 3.27837e-13 1.66425e-05 5.13818e-08 1.66425e-05 0.999967
11.52 3.62014e-13 3.27839e-13 1.06291e-05 5.10239e-08 1.06291e-05 0.999979
11.64 3.50638e-13 3.27841e-13 7.07505e-06 5.08305e-08 7.07505e-06 0.999986
11.76 3.44675e-13 3.27842e-13 5.21433e-06 5.07358e-08 5.21433e-06 0.99999
11.88 3.42825e-13 3.27842e-13 4.63712e-06 5.07076e-08 4.63712e-06 0.999991
