0 3.57228e-13 3.2784e-13 9.18208e-06 5.0847e-08 9.18208e-06 0.999982
0.12 3.60775e-13 3.27839e-13 1.02996e-05 5.0905e-08 1.02996e-05 0.999979
0.24 3.72105e-13 3.27838e-13 1.38702e-05 5.10978e-08 1.38702e-05 0.999972
0.36 3.93521e-13 3.27835e-13 2.06256e-05 5.14892e-08 2.06256e-05 0.999959
0.48 4.29327e-13 3.2783e-13 3.19323e-05 5.22086e-08 3.19323e-05 0.999936
0.6 4.86526e-13 3.27822e-13 5.0016e-05 5.34914e-08 5.0016e-05 0.9999
0.72 5.75927e-13 3.2781e-13 7.83136e-05 5.57538e-08 7.83136e-05 0.999843
0.84 7.13763e-13 3.27794e-13 0.000121991 5.97246e-08 0.000121991 0.999756
0.96 9.23996e-13 3.2777e-13 0.000188679 6.66765e-08 0.000188679 0.999623
1.08 1.2415e-12 3.27739e-13 0.000289492 7.88297e-08 0.000289492 0.999421
1.2 1.71641e-12 3.27698e-13 0.000440413 1.00057e-07 0.000440413 0.999119
1.32 2.41985e-12 3.2765e-13 0.000664138 1.37112e-07 0.000664138 0.998672
1.44 3.45152e-12 3.276e-13 0.000992493 2.01776e-07 0.000992493 0.998015
1.56 4.94936e-12 3.27565e-13 0.00146953 3.14592e-07 0.00146953 0.997061
1.68 7.10166e-12 3.27585e-13 0.00215541 5.11371e-07 0.00215541 0.995689
1.8 1.0162e-11 3.27736e-13 0.0031312 8.54491e-07 0.0031312 0.993737
1.92 1.44669e-11 3.28171e-13 0.00450451 1.45249e-06 0.00450451 0.990989
2.04 2.04564e-11 3.29174e-13 0.00641613 2.49395e-06 0.00641613 0.987165
2.16 2.86967e-11 3.31264e-13 0.00904721 4.30575e-06 0.00904721 0.981901
2.28 3.99029e-11 3.35369e-13 0.0126268 7.45285e-06 0.0126268 0.974739
2.4 5.49609e-11 3.43129e-13 0.0174384 1.29078e-05 0.0174384 0.96511
2.52 7.49405e-11 3.57393e-13 0.023825 2.23367e-05 0.023825 0.952328
2.64 1.01096e-10 3.83054e-13 0.0321884 3.8575e-05 0.0321884 0.935585
2.76 1.34836e-10 4.28421e-13 0.0429807 6.64112e-05 0.0429807 0.913972
2.88 1.77657e-10 5.07427e-13 0.0566819 0.000113854 0.0566819 0.886522
3 2.31006e-10 6.43148e-13 0.0737571 0.000194151 0.0737571 0.852292
3.12 2.96074e-10 8.73294e-13 0.0945892 0.000328929 0.0945892 0.810493
3.24 3.73499e-10 1.25864e-12 0.119386 0.000553003 0.119386 0.760675
3.36 4.63032e-10 1.89588e-12 0.14807 0.000921627 0.14807 0.702938
3.48 5.63213e-10 2.93709e-12 0.180178 0.0015214 0.180178 0.638124
3.6 6.71181e-10 4.62016e-12 0.214795 0.00248697 0.214795 0.567923
3.72 7.82734e-10 7.31832e-12 0.250579 0.00402794 0.250579 0.494814
3.84 8.92676e-10 1.16276e-11 0.285866 0.00647597 0.285866 0.421791
3.96 9.95369e-10 1.85361e-11 0.318851 0.0103764 0.318851 0.351922
4.08 1.08522e-09 2.97848e-11 0.347739 0.0166864 0.347739 0.287835
4.2 1.15666e-09 4.86924e-11 0.370743 0.0272375 0.370743 0.231277
4.32 1.20283e-09 8.21001e-11 0.385661 0.0458514 0.385661 0.182826
4.44 1.21185e-09 1.44696e-10 0.38868 0.0808842 0.38868 0.141755
4.56 1.15985e-09 2.6625e-10 0.372131 0.149676 0.372131 0.106062
4.68 1.00871e-09 4.91226e-10 0.323767 0.2792 0.323767 0.0732655
4.8 7.44721e-10 8.28592e-10 0.23915 0.478302 0.23915 0.0433978
4.92 4.53208e-10 1.16821e-09 0.145632 0.687565 0.145632 0.0211717
5.04 2.43805e-10 1.38429e-09 0.0784117 0.834129 0.0784117 0.00904762
5.16 1.27588e-10 1.47556e-09 0.0410787 0.914098 0.0410787 0.00374511
5.28 6.8395e-11 1.49362e-09 0.0220465 0.954297 0.0220465 0.00161028
5.4 3.80315e-11 1.47774e-09 0.0122722 0.974713 0.0122722 0.00074232
5.52 2.19729e-11 1.45027e-09 0.00709599 0.985437 0.00709599 0.000370956
5.64 1.3442e-11 1.42402e-09 0.00434282 0.991109 0.00434282 0.000205052
5.76 9.29857e-12 1.40667e-09 0.00300404 0.993857 0.00300404 0.000134415
5.88 8.14747e-12 1.40245e-09 0.00263081 0.99462 0.00263081 0.000118352
6 9.58612e-12 1.41254e-09 0.00309257 0.993667 0.00309257 0.000147891
6.12 1.40047e-11 1.4352e-09 0.00451242 0.990737 0.00451242 0.000237794
6.24 2.27751e-11 1.46587e-09 0.00732662 0.984908 0.00732662 0.00043882
6.36 3.8986e-11 1.49672e-09 0.0125174 0.974081 0.0125174 0.000884479
6.48 6.92943e-11 1.51502e-09 0.0222014 0.953671 0.0222014 0.00192636
6.6 1.27946e-10 1.49845e-09 0.0409061 0.913692 0.0409061 0.00449538
6.72 2.42552e-10 1.40747e-09 0.0774042 0.8343 0.0774042 0.0108914
6.84 4.48471e-10 1.18968e-09 0.142914 0.688628 0.142914 0.0255446
6.96 7.34608e-10 8.45234e-10 0.233858 0.479839 0.233858 0.0524451
7.08 9.92321e-10 5.01151e-10 0.315664 0.280154 0.315664 0.0885176
7.2 1.13633e-09 2.70906e-10 0.361261 0.149779 0.361261 0.1277
7.32 1.18018e-09 1.4642e-10 0.375014 0.0804571 0.375014 0.169514
7.44 1.16227e-09 8.24292e-11 0.369153 0.0452061 0.369153 0.216488
7.56 1.10709e-09 4.84217e-11 0.351473 0.0265586 0.351473 0.270496
7.68 1.02737e-09 2.93044e-11 0.32603 0.016068 0.32603 0.331872
7.8 9.30962e-10 1.80334e-11 0.295313 0.00985895 0.295313 0.399516
7.92 8.2426e-10 1.1186e-11 0.261358 0.00606868 0.261358 0.471216
8.04 7.13335e-10 6.96646e-12 0.22609 0.00372279 0.22609 0.544097
8.16 6.03821e-10 4.3582e-12 0.191296 0.00226773 0.191296 0.61514
8.28 5.00459e-10 2.75217e-12 0.158476 0.0013695 0.158476 0.681678
8.4 4.06705e-10 1.77102e-12 0.128723 0.000819648 0.128723 0.741735
8.52 3.24581e-10 1.17755e-12 0.102672 0.000486367 0.102672 0.794169
8.64 2.54795e-10 8.22436e-13 0.0805455 0.000286377 0.0805455 0.838623
8.76 1.97029e-10 6.12295e-13 0.0622372 0.000167496 0.0622372 0.875358
8.88 1.50281e-10 4.89325e-13 0.047427 9.74207e-05 0.047427 0.905048
9 1.13184e-10 4.18182e-13 0.0356792 5.64097e-05 0.0356792 0.928585
9.12 8.42475e-11 3.77514e-13 0.0265194 3.25517e-05 0.0265194 0.946929
9.24 6.2021e-11 3.54571e-13 0.0194864 1.87395e-05 0.0194864 0.961008
9.36 4.51857e-11 3.41824e-13 0.0141617 1.07739e-05 0.0141617 0.971666
9.48 3.25988e-11 3.34873e-13 0.0101826 6.19358e-06 0.0101826 0.979629
9.6 2.33036e-11 3.3117e-13 0.00724539 3.56573e-06 0.00724539 0.985506
9.72 1.65197e-11 3.29261e-13 0.00510291 2.0605e-06 0.00510291 0.989792
9.84 1.16251e-11 3.28322e-13 0.00355793 1.19926e-06 0.00355793 0.992883
9.96 8.13268e-12 3.27893e-13 0.00245624 7.06863e-07 0.00245624 0.995087
10.08 5.66789e-12 3.27723e-13 0.00167921 4.25462e-07 0.00167921 0.996641
10.2 3.94684e-12 3.27677e-13 0.00113702 2.64682e-07 0.00113702 0.997726
10.32 2.75763e-12 3.27686e-13 0.000762672 1.72828e-07 0.000762672 0.998474
10.44 1.94433e-12 3.27713e-13 0.000506863 1.20353e-07 0.000506863 0.998986
10.56 1.39367e-12 3.27744e-13 0.000333821 9.03769e-08 0.000333821 0.999332
10.68 1.02449e-12 3.27771e-13 0.000217924 7.32556e-08 0.000217924 0.999564
10.8 7.7935e-13 3.27793e-13 0.000141051 6.34798e-08 0.000141051 0.999718
10.92 6.18105e-13 3.27809e-13 9.05458e-05 5.79018e-08 9.05458e-05 0.999819
11.04 5.13029e-13 3.27821e-13 5.76766e-05 5.47225e-08 5.76766e-05 0.999885
11.16 4.45202e-13 3.27829e-13 3.64895e-05 5.29136e-08 3.64895e-05 0.999927
11.28 4.0187e-13 3.27834e-13 2.29745e-05 5.18876e-08 2.29745e-05 0.999954
11.4 3.74548e-13 3.27838e-13 1.44663e-05 5.13088e-08 1.44663e-05 0.999971
11.52 3.5768e-13 3.2784e-13 9.22208e-06 5.0986e-08 9.22208e-06 0.999982
11.64 3.4772e-13 3.27842e-13 6.13001e-06 5.08115e-08 6.13001e-06 0.999988
11.76 3.42512e-13 3.27842e-13 4.51499e-06 5.07262e-08 4.51499e-06 0.999991
11.88 3.40899e-13 3.27843e-13 4.01541e-06 5.07007e-08 4.01541e-06 0.999992
