0 3.52285e-13 3.27841e-13 7.58158e-06 5.08203e-08 7.58158e-06 0.999985
0.12 3.55233e-13 3.2784e-13 8.50381e-06 5.08703e-08 8.50381e-06 0.999983
0.24 3.64704e-13 3.27839e-13 1.14681e-05 5.1037e-08 1.14681e-05 0.999977
0.36 3.8269e-13 3.27836e-13 1.71031e-05 5.13765e-08 1.71031e-05 0.999966
0.48 4.12897e-13 3.27832e-13 2.65779e-05 5.20016e-08 2.65779e-05 0.999947
0.6 4.61367e-13 3.27826e-13 4.18009e-05 5.31183e-08 4.18009e-05 0.999916
0.72 5.37457e-13 3.27817e-13 6.57302e-05 5.50912e-08 6.57302e-05 0.999869
0.84 6.55287e-13 3.27803e-13 0.000102833 5.85606e-08 0.000102833 0.999794
0.96 8.35798e-13 3.27784e-13 0.000159738 6.46466e-08 0.000159738 0.999681
1.08 1.10962e-12 3.27758e-13 0.000246152 7.53081e-08 0.000246152 0.999508
1.2 1.52098e-12 3.27725e-13 0.000376101 9.39697e-08 0.000376101 0.999248
1.32 2.133e-12 3.27687e-13 0.000569606 1.26619e-07 0.000569606 0.998861
1.44 3.03454e-12 3.27649e-13 0.000854889 1.83726e-07 0.000854889 0.99829
1.56 4.34922e-12 3.27629e-13 0.00127121 2.83593e-07 0.00127121 0.997457
1.68 6.24668e-12 3.27661e-13 0.0018725 4.58215e-07 0.0018725 0.996255
1.8 8.95656e-12 3.27819e-13 0.00273177 7.63477e-07 0.00273177 0.994536
1.92 1.27854e-11 3.28243e-13 0.00394655 1.29692e-06 0.00394655 0.992106
2.04 1.81361e-11 3.29197e-13 0.0056451 2.22856e-06 0.0056451 0.988708
2.16 2.55303e-11 3.31161e-13 0.0079935 3.85415e-06 0.0079935 0.984009
2.28 3.56314e-11 3.34998e-13 0.0112031 6.68682e-06 0.0112031 0.977587
2.4 4.92669e-11 3.42233e-13 0.0155375 1.16137e-05 0.0155375 0.968913
2.52 6.74452e-11 3.55527e-13 0.0213184 2.01617e-05 0.0213184 0.957343
2.64 9.13613e-11 3.79469e-13 0.0289269 3.49434e-05 0.0289269 0.942111
2.76 1.22379e-10 4.21885e-13 0.0387984 6.03972e-05 0.0387984 0.922343
2.88 1.61977e-10 4.95976e-13 0.0514051 0.000103997 0.0514051 0.897086
3 2.11638e-10 6.23745e-13 0.067221 0.000178198 0.067221 0.86538
3.12 2.72664e-10 8.41413e-13 0.0866633 0.000303506 0.0866633 0.82637
3.24 3.4591e-10 1.20784e-12 0.110008 0.000513233 0.110008 0.779471
3.36 4.31456e-10 1.81744e-12 0.137283 0.000860766 0.137283 0.724573
3.48 5.28266e-10 2.82009e-12 0.168162 0.0014306 0.168162 0.662245
3.6 6.33934e-10 4.4521e-12 0.201883 0.00235533 0.201883 0.593878
3.72 7.4465e-10 7.08681e-12 0.237234 0.00384305 0.237234 0.521689
3.84 8.55431e-10 1.13234e-11 0.272628 0.00622494 0.272628 0.448519
3.96 9.606e-10 1.81575e-11 0.306257 0.0100472 0.306257 0.37744
4.08 1.05428e-09 2.93432e-11 0.336243 0.0162682 0.336243 0.311246
4.2 1.13043e-09 4.8219e-11 0.360662 0.0267178 0.360662 0.251959
4.32 1.18174e-09 8.16512e-11 0.377171 0.0452024 0.377171 0.200456
4.44 1.196e-09 1.44362e-10 0.381871 0.0800265 0.381871 0.156231
4.56 1.14927e-09 2.66206e-10 0.367108 0.148421 0.367108 0.117363
4.68 1.00346e-09 4.9197e-10 0.32069 0.277287 0.32069 0.0813334
4.8 7.44019e-10 8.31432e-10 0.237922 0.475846 0.237922 0.0483099
4.92 4.54748e-10 1.17454e-09 0.14554 0.68531 0.14554 0.0236105
5.04 2.45618e-10 1.39362e-09 0.0786985 0.832513 0.0786985 0.0100906
5.16 1.29074e-10 1.48629e-09 0.0414169 0.912996 0.0414169 0.00417035
5.28 6.95297e-11 1.50437e-09 0.0223469 0.953518 0.0223469 0.00178853
5.4 3.88736e-11 1.48756e-09 0.0125138 0.97415 0.0125138 0.000821817
5.52 2.25665e-11 1.45836e-09 0.00727424 0.985043 0.00727424 0.000408493
5.64 1.38127e-11 1.42967e-09 0.00445696 0.990863 0.00445696 0.000222842
5.76 9.45924e-12 1.40933e-09 0.00305404 0.99375 0.00305404 0.000141344
5.88 8.09937e-12 1.40182e-09 0.00261548 0.994651 0.00261548 0.000117532
6 9.31664e-12 1.40868e-09 0.00300796 0.993845 0.00300796 0.000139014
6.12 1.34808e-11 1.42852e-09 0.00434976 0.991083 0.00434976 0.000216909
6.24 2.19283e-11 1.45702e-09 0.00706832 0.985468 0.00706832 0.000395285
6.36 3.76759e-11 1.48656e-09 0.0121278 0.974953 0.0121278 0.000791677
6.48 6.72252e-11 1.50463e-09 0.0216048 0.955075 0.0216048 0.0017157
6.6 1.2451e-10 1.48944e-09 0.0399488 0.916115 0.0399488 0.00398744
6.72 2.36767e-10 1.40242e-09 0.0758529 0.838651 0.0758529 0.00964279
6.84 4.39999e-10 1.19147e-09 0.140797 0.695741 0.140797 0.0226657
6.96 7.2683e-10 8.52866e-10 0.232382 0.488384 0.232382 0.0468506
7.08 9.91101e-10 5.08881e-10 0.316676 0.286912 0.316676 0.0797356
7.2 1.14342e-09 2.75949e-10 0.365163 0.15386 0.365163 0.115815
7.32 1.19447e-09 1.49372e-10 0.3813 0.0827827 0.3813 0.154617
7.44 1.18265e-09 8.42431e-11 0.377379 0.0466149 0.377379 0.198627
7.56 1.13282e-09 4.96306e-11 0.361341 0.0274842 0.361341 0.249833
7.68 1.05764e-09 3.01542e-11 0.337239 0.0167087 0.337239 0.308814
7.8 9.64626e-10 1.86415e-11 0.307468 0.0103109 0.307468 0.374753
7.92 8.59847e-10 1.16185e-11 0.273971 0.00638625 0.273971 0.445672
8.04 7.49203e-10 7.26832e-12 0.238628 0.00394252 0.238628 0.518802
8.16 6.38393e-10 4.56371e-12 0.203254 0.0024166 0.203254 0.591075
8.28 5.32441e-10 2.88836e-12 0.169451 0.0014681 0.169451 0.659631
8.4 4.35217e-10 1.85886e-12 0.138446 0.00088353 0.138446 0.722224
8.52 3.49182e-10 1.23273e-12 0.111022 0.000526917 0.111022 0.77743
8.64 2.75428e-10 8.56224e-13 0.0875208 0.000311654 0.0875208 0.824647
8.76 2.13914e-10 6.32468e-13 0.0679277 0.000183009 0.0679277 0.863962
8.88 1.6381e-10 5.01062e-13 0.0519746 0.000106816 0.0519746 0.895944
9 1.23827e-10 4.2482e-13 0.0392486 6.20379e-05 0.0392486 0.921441
9.12 9.24861e-11 3.81145e-13 0.0292768 3.58934e-05 0.0292768 0.94141
9.24 6.83059e-11 3.56473e-13 0.0215862 2.07095e-05 0.0215862 0.956807
9.36 4.99164e-11 3.4276e-13 0.0157397 1.19285e-05 0.0157397 0.968509
9.48 3.61153e-11 3.35286e-13 0.0113537 6.86724e-06 0.0113537 0.977286
9.6 2.58864e-11 3.31315e-13 0.00810432 3.95737e-06 0.00810432 0.983787
9.72 1.83951e-11 3.29278e-13 0.00572569 2.28754e-06 0.00572569 0.988546
9.84 1.29716e-11 3.28284e-13 0.00400448 1.33059e-06 0.00400448 0.99199
9.96 9.08895e-12 3.27838e-13 0.00277296 7.82685e-07 0.00277296 0.994453
10.08 6.33979e-12 3.27669e-13 0.00190145 4.69172e-07 0.00190145 0.996197
10.2 4.41401e-12 3.27632e-13 0.00129135 2.89843e-07 0.00129135 0.997417
10.32 3.07914e-12 3.2765e-13 0.000868743 1.87291e-07 0.000868743 0.998262
10.44 2.16337e-12 3.27686e-13 0.000579038 1.28654e-07 0.000579038 0.998842
10.56 1.54145e-12 3.27724e-13 0.000382451 9.51315e-08 0.000382451 0.999235
10.68 1.12324e-12 3.27757e-13 0.000250377 7.59719e-08 0.000250377 0.999499
10.8 8.44734e-13 3.27783e-13 0.000162507 6.50262e-08 0.000162507 0.999675
10.92 6.6101e-13 3.27802e-13 0.000104605 5.87778e-08 0.000104605 0.999791
11.04 5.40946e-13 3.27816e-13 6.68106e-05 5.52153e-08 6.68106e-05 0.999866
11.16 4.63231e-13 3.27826e-13 4.23784e-05 5.31881e-08 4.23784e-05 0.999915
11.28 4.13447e-13 3.27832e-13 2.67493e-05 5.20382e-08 2.67493e-05 0.999946
11.4 3.81974e-13 3.27837e-13 1.6883e-05 5.13895e-08 1.6883e-05 0.999966
11.52 3.62494e-13 3.27839e-13 1.0785e-05 5.10279e-08 1.0785e-05 0.999978
11.64 3.50961e-13 3.27841e-13 7.18e-06 5.08324e-08 7.18e-06 0.999986
11.76 3.44915e-13 3.27842e-13 5.29206e-06 5.07368e-08 5.29206e-06 0.999989
11.88 3.43038e-13 3.27842e-13 4.7062e-06 5.07082e-08 4.7062e-06 0.999991
