0 3.52323e-13 3.27841e-13 7.5942e-06 5.08205e-08 7.5942e-06 0.999985
0.12 3.55276e-13 3.2784e-13 8.51797e-06 5.08705e-08 8.51797e-06 0.999983
0.24 3.64762e-13 3.27839e-13 1.14871e-05 5.10375e-08 1.14871e-05 0.999977
0.36 3.82776e-13 3.27836e-13 1.71311e-05 5.13774e-08 1.71311e-05 0.999966
0.48 4.13028e-13 3.27832e-13 2.66207e-05 5.20032e-08 2.66207e-05 0.999947
0.6 4.61568e-13 3.27826e-13 4.18669e-05 5.31212e-08 4.18669e-05 0.999916
0.72 5.37767e-13 3.27816e-13 6.58319e-05 5.50965e-08 6.58319e-05 0.999868
0.84 6.55761e-13 3.27803e-13 0.000102988 5.85699e-08 0.000102988 0.999794
0.96 8.36518e-13 3.27784e-13 0.000159975 6.46629e-08 0.000159975 0.99968
1.08 1.1107e-12 3.27758e-13 0.000246509 7.53366e-08 0.000246509 0.999507
1.2 1.5226e-12 3.27725e-13 0.000376633 9.40193e-08 0.000376633 0.999247
1.32 2.13538e-12 3.27687e-13 0.000570393 1.26705e-07 0.000570393 0.998859
1.44 3.03803e-12 3.27649e-13 0.000856041 1.83875e-07 0.000856041 0.998288
1.56 4.35427e-12 3.27628e-13 0.00127288 2.83851e-07 0.00127288 0.997454
1.68 6.25391e-12 3.27661e-13 0.0018749 4.5866e-07 0.0018749 0.99625
1.8 8.96681e-12 3.27819e-13 0.00273518 7.64244e-07 0.00273518 0.994529
1.92 1.27997e-11 3.28243e-13 0.00395133 1.29824e-06 0.00395133 0.992096
2.04 1.8156e-11 3.29197e-13 0.00565174 2.23083e-06 0.00565174 0.988694
2.16 2.55577e-11 3.31162e-13 0.00800263 3.85804e-06 0.00800263 0.983991
2.28 3.56686e-11 3.35001e-13 0.0112155 6.69345e-06 0.0112155 0.977562
2.4 4.93166e-11 3.42241e-13 0.0155542 1.1625e-05 0.0155542 0.96888
2.52 6.75111e-11 3.55544e-13 0.0213405 2.01808e-05 0.0213405 0.957299
2.64 9.14473e-11 3.795e-13 0.0289558 3.49755e-05 0.0289558 0.942053
2.76 1.2249e-10 4.21943e-13 0.0388356 6.04507e-05 0.0388356 0.922268
2.88 1.62118e-10 4.96078e-13 0.0514523 0.000104085 0.0514523 0.896991
3 2.11812e-10 6.23919e-13 0.0672799 0.000178342 0.0672799 0.865262
3.12 2.72876e-10 8.41703e-13 0.0867352 0.000303737 0.0867352 0.826226
3.24 3.46162e-10 1.2083e-12 0.110093 0.000513599 0.110093 0.7793
3.36 4.31746e-10 1.81817e-12 0.137382 0.000861331 0.137382 0.724374
3.48 5.28589e-10 2.82119e-12 0.168274 0.00143145 0.168274 0.662021
3.6 6.34282e-10 4.45369e-12 0.202004 0.00235658 0.202004 0.593635
3.72 7.45009e-10 7.08904e-12 0.23736 0.00384483 0.23736 0.521435
3.84 8.55785e-10 1.13263e-11 0.272754 0.00622739 0.272754 0.448264
3.96 9.60933e-10 1.81612e-11 0.306378 0.0100505 0.306378 0.377194
4.08 1.05458e-09 2.93478e-11 0.336355 0.0162724 0.336355 0.311018
4.2 1.13069e-09 4.8224e-11 0.36076 0.0267232 0.36076 0.251757
4.32 1.18194e-09 8.16563e-11 0.377254 0.0452093 0.377254 0.200282
4.44 1.19615e-09 1.44367e-10 0.381938 0.0800357 0.381938 0.156087
4.56 1.14937e-09 2.66208e-10 0.367158 0.148434 0.367158 0.11725
4.68 1.00351e-09 4.91964e-10 0.32072 0.277307 0.32072 0.0812524
4.8 7.44026e-10 8.31404e-10 0.237935 0.47587 0.237935 0.0482603
4.92 4.54733e-10 1.17447e-09 0.145541 0.685332 0.145541 0.0235858
5.04 2.45601e-10 1.39352e-09 0.0786961 0.832528 0.0786961 0.01008
5.16 1.2906e-10 1.48618e-09 0.0414139 0.913006 0.0414139 0.00416606
5.28 6.9519e-11 1.50426e-09 0.0223441 0.953525 0.0223441 0.00178673
5.4 3.88656e-11 1.48746e-09 0.0125116 0.974156 0.0125116 0.000821016
5.52 2.25607e-11 1.45828e-09 0.00727253 0.985047 0.00727253 0.000408114
5.64 1.3809e-11 1.42961e-09 0.00445582 0.990865 0.00445582 0.000222661
5.76 9.4574e-12 1.40929e-09 0.00305347 0.993751 0.00305347 0.000141269
5.88 8.09935e-12 1.40182e-09 0.00261548 0.994651 0.00261548 0.000117531
6 9.31846e-12 1.40871e-09 0.00300853 0.993844 0.00300853 0.000139086
6.12 1.34845e-11 1.42858e-09 0.00435091 0.991081 0.00435091 0.000217086
6.24 2.19342e-11 1.4571e-09 0.00707006 0.985464 0.00707006 0.000395655
6.36 3.76841e-11 1.48666e-09 0.0121301 0.974947 0.0121301 0.000792457
6.48 6.72364e-11 1.50473e-09 0.0216078 0.955067 0.0216078 0.00171745
6.6 1.24526e-10 1.48954e-09 0.0399523 0.916104 0.0399523 0.00399161
6.72 2.36787e-10 1.40251e-09 0.0758565 0.838634 0.0758565 0.00965303
6.84 4.4002e-10 1.19153e-09 0.140798 0.695715 0.140798 0.0226898
6.96 7.26833e-10 8.52886e-10 0.232373 0.488354 0.232373 0.0468993
7.08 9.91059e-10 5.0888e-10 0.316648 0.286888 0.316648 0.0798157
7.2 1.14332e-09 2.75943e-10 0.365115 0.153844 0.365115 0.115927
7.32 1.19432e-09 1.49366e-10 0.381234 0.082772 0.381234 0.15476
7.44 1.18245e-09 8.42368e-11 0.377296 0.0466072 0.377296 0.1988
7.56 1.13257e-09 4.96249e-11 0.361243 0.0274784 0.361243 0.250035
7.68 1.05735e-09 3.01493e-11 0.337128 0.0167042 0.337128 0.309041
7.8 9.64294e-10 1.86375e-11 0.307347 0.0103074 0.307347 0.374998
7.92 8.59494e-10 1.16154e-11 0.273845 0.00638369 0.273845 0.445927
8.04 7.48844e-10 7.26598e-12 0.238501 0.00394067 0.238501 0.519057
8.16 6.38044e-10 4.56205e-12 0.203133 0.0024153 0.203133 0.591318
8.28 5.32116e-10 2.88722e-12 0.169339 0.00146722 0.169339 0.659855
8.4 4.34925e-10 1.85811e-12 0.138346 0.000882946 0.138346 0.722425
8.52 3.48929e-10 1.23225e-12 0.110935 0.00052654 0.110935 0.777603
8.64 2.75214e-10 8.55923e-13 0.0874485 0.000311415 0.0874485 0.824792
8.76 2.13738e-10 6.32287e-13 0.0678684 0.00018286 0.0678684 0.86408
8.88 1.63669e-10 5.00956e-13 0.051927 0.000106725 0.051927 0.896039
9 1.23716e-10 4.2476e-13 0.0392111 6.19829e-05 0.0392111 0.921516
9.12 9.23994e-11 3.81112e-13 0.0292477 3.58605e-05 0.0292477 0.941469
9.24 6.82395e-11 3.56456e-13 0.021564 2.06899e-05 0.021564 0.956851
9.36 4.98662e-11 3.42752e-13 0.0157229 1.19169e-05 0.0157229 0.968542
9.48 3.60779e-11 3.35283e-13 0.0113412 6.86044e-06 0.0113412 0.977311
9.6 2.58588e-11 3.31314e-13 0.00809511 3.95339e-06 0.00809511 0.983806
9.72 1.83749e-11 3.29278e-13 0.00571899 2.28522e-06 0.00571899 0.98856
9.84 1.29571e-11 3.28284e-13 0.00399966 1.32924e-06 0.00399966 0.991999
9.96 9.07862e-12 3.27839e-13 0.00276953 7.819e-07 0.00276953 0.99446
10.08 6.3325e-12 3.2767e-13 0.00189904 4.68717e-07 0.00189904 0.996201
10.2 4.40892e-12 3.27632e-13 0.00128967 2.8958e-07 0.00128967 0.99742
10.32 3.07562e-12 3.2765e-13 0.000867581 1.87139e-07 0.000867581 0.998265
10.44 2.16097e-12 3.27686e-13 0.000578244 1.28566e-07 0.000578244 0.998843
10.56 1.53982e-12 3.27724e-13 0.000381915 9.5081e-08 0.000381915 0.999236
10.68 1.12215e-12 3.27757e-13 0.000250017 7.59429e-08 0.000250017 0.9995
10.8 8.44008e-13 3.27783e-13 0.000162269 6.50096e-08 0.000162269 0.999675
10.92 6.60532e-13 3.27802e-13 0.000104448 5.87684e-08 0.000104448 0.999791
11.04 5.40634e-13 3.27816e-13 6.67082e-05 5.521e-08 6.67082e-05 0.999867
11.16 4.63028e-13 3.27826e-13 4.23122e-05 5.31851e-08 4.23122e-05 0.999915
11.28 4.13317e-13 3.27832e-13 2.67067e-05 5.20365e-08 2.67067e-05 0.999947
11.4 3.8189e-13 3.27837e-13 1.68556e-05 5.13886e-08 1.68556e-05 0.999966
11.52 3.62439e-13 3.27839e-13 1.07672e-05 5.10274e-08 1.07672e-05 0.999978
11.64 3.50924e-13 3.27841e-13 7.16805e-06 5.08322e-08 7.16805e-06 0.999986
11.76 3.44888e-13 3.27842e-13 5.28321e-06 5.07367e-08 5.28321e-06 0.999989
11.88 3.43014e-13 3.27842e-13 4.69833e-06 5.07082e-08 4.69833e-06 0.999991
