0 3.52329e-13 3.27841e-13 7.59602e-06 5.08205e-08 7.59602e-06 0.999985
0.12 3.55283e-13 3.2784e-13 8.52001e-06 5.08705e-08 8.52001e-06 0.999983
0.24 3.6477e-13 3.27839e-13 1.14899e-05 5.10375e-08 1.14899e-05 0.999977
0.36 3.82788e-13 3.27836e-13 1.71351e-05 5.13775e-08 1.71351e-05 0.999966
0.48 4.13047e-13 3.27832e-13 2.66269e-05 5.20034e-08 2.66269e-05 0.999947
0.6 4.61597e-13 3.27826e-13 4.18764e-05 5.31216e-08 4.18764e-05 0.999916
0.72 5.37811e-13 3.27816e-13 6.58465e-05 5.50972e-08 6.58465e-05 0.999868
0.84 6.5583e-13 3.27803e-13 0.000103011 5.85712e-08 0.000103011 0.999794
0.96 8.36621e-13 3.27784e-13 0.000160009 6.46653e-08 0.000160009 0.99968
1.08 1.11086e-12 3.27758e-13 0.00024656 7.53407e-08 0.00024656 0.999507
1.2 1.52283e-12 3.27725e-13 0.00037671 9.40264e-08 0.00037671 0.999247
1.32 2.13572e-12 3.27686e-13 0.000570507 1.26718e-07 0.000570507 0.998859
1.44 3.03853e-12 3.27649e-13 0.000856207 1.83896e-07 0.000856207 0.998287
1.56 4.355e-12 3.27628e-13 0.00127313 2.83888e-07 0.00127313 0.997453
1.68 6.25495e-12 3.27661e-13 0.00187524 4.58724e-07 0.00187524 0.996249
1.8 8.96828e-12 3.27818e-13 0.00273567 7.64355e-07 0.00273567 0.994528
1.92 1.28018e-11 3.28243e-13 0.00395202 1.29843e-06 0.00395202 0.992095
2.04 1.81589e-11 3.29197e-13 0.00565269 2.23116e-06 0.00565269 0.988692
2.16 2.55616e-11 3.31162e-13 0.00800394 3.85859e-06 0.00800394 0.983988
2.28 3.56739e-11 3.35002e-13 0.0112173 6.6944e-06 0.0112173 0.977559
2.4 4.93238e-11 3.42242e-13 0.0155566 1.16266e-05 0.0155566 0.968875
2.52 6.75205e-11 3.55546e-13 0.0213437 2.01835e-05 0.0213437 0.957292
2.64 9.14597e-11 3.79505e-13 0.02896 3.49801e-05 0.02896 0.942045
2.76 1.22506e-10 4.21951e-13 0.038841 6.04584e-05 0.038841 0.922257
2.88 1.62138e-10 4.96093e-13 0.0514591 0.000104098 0.0514591 0.896978
3 2.11837e-10 6.23945e-13 0.0672884 0.000178363 0.0672884 0.865245
3.12 2.72906e-10 8.41744e-13 0.0867456 0.00030377 0.0867456 0.826205
3.24 3.46198e-10 1.20837e-12 0.110106 0.000513651 0.110106 0.779275
3.36 4.31788e-10 1.81827e-12 0.137397 0.000861412 0.137397 0.724346
3.48 5.28636e-10 2.82135e-12 0.16829 0.00143157 0.16829 0.661989
3.6 6.34332e-10 4.45392e-12 0.202022 0.00235676 0.202022 0.5936
3.72 7.45061e-10 7.08936e-12 0.237378 0.00384508 0.237378 0.521399
3.84 8.55836e-10 1.13268e-11 0.272772 0.00622775 0.272772 0.448228
3.96 9.60981e-10 1.81618e-11 0.306395 0.0100509 0.306395 0.377159
4.08 1.05462e-09 2.93484e-11 0.336371 0.016273 0.336371 0.310986
4.2 1.13072e-09 4.82247e-11 0.360774 0.026724 0.360774 0.251728
4.32 1.18197e-09 8.1657e-11 0.377266 0.0452103 0.377266 0.200257
4.44 1.19617e-09 1.44367e-10 0.381948 0.0800371 0.381948 0.156067
4.56 1.14939e-09 2.66209e-10 0.367165 0.148436 0.367165 0.117234
4.68 1.00352e-09 4.91963e-10 0.320725 0.27731 0.320725 0.0812408
4.8 7.44027e-10 8.314e-10 0.237936 0.475874 0.237936 0.0482532
4.92 4.54731e-10 1.17446e-09 0.145541 0.685335 0.145541 0.0235823
5.04 2.45599e-10 1.39351e-09 0.0786957 0.83253 0.0786957 0.0100785
5.16 1.29058e-10 1.48617e-09 0.0414135 0.913008 0.0414135 0.00416544
5.28 6.95175e-11 1.50425e-09 0.0223437 0.953526 0.0223437 0.00178647
5.4 3.88645e-11 1.48744e-09 0.0125113 0.974156 0.0125113 0.000820901
5.52 2.25599e-11 1.45826e-09 0.00727229 0.985047 0.00727229 0.000408059
5.64 1.38084e-11 1.4296e-09 0.00445565 0.990866 0.00445565 0.000222634
5.76 9.45713e-12 1.40929e-09 0.00305339 0.993752 0.00305339 0.000141258
5.88 8.09935e-12 1.40182e-09 0.00261548 0.994651 0.00261548 0.000117531
6 9.31872e-12 1.40871e-09 0.00300861 0.993843 0.00300861 0.000139096
6.12 1.34851e-11 1.42858e-09 0.00435107 0.99108 0.00435107 0.000217112
6.24 2.1935e-11 1.45712e-09 0.00707031 0.985463 0.00707031 0.000395708
6.36 3.76853e-11 1.48668e-09 0.0121304 0.974946 0.0121304 0.000792569
6.48 6.7238e-11 1.50475e-09 0.0216082 0.955066 0.0216082 0.0017177
6.6 1.24528e-10 1.48956e-09 0.0399528 0.916102 0.0399528 0.00399221
6.72 2.3679e-10 1.40253e-09 0.075857 0.838632 0.075857 0.0096545
6.84 4.40023e-10 1.19154e-09 0.140798 0.695711 0.140798 0.0226932
6.96 7.26833e-10 8.52888e-10 0.232372 0.48835 0.232372 0.0469063
7.08 9.91052e-10 5.0888e-10 0.316644 0.286884 0.316644 0.0798272
7.2 1.14331e-09 2.75942e-10 0.365108 0.153842 0.365108 0.115943
7.32 1.19429e-09 1.49365e-10 0.381224 0.0827705 0.381224 0.154781
7.44 1.18242e-09 8.42359e-11 0.377285 0.0466061 0.377285 0.198825
7.56 1.13253e-09 4.96241e-11 0.361229 0.0274775 0.361229 0.250064
7.68 1.0573e-09 3.01485e-11 0.337112 0.0167036 0.337112 0.309073
7.8 9.64246e-10 1.86369e-11 0.30733 0.0103069 0.30733 0.375033
7.92 8.59443e-10 1.16149e-11 0.273827 0.00638333 0.273827 0.445964
8.04 7.48793e-10 7.26565e-12 0.238483 0.0039404 0.238483 0.519093
8.16 6.37994e-10 4.56181e-12 0.203116 0.00241512 0.203116 0.591353
8.28 5.3207e-10 2.88706e-12 0.169323 0.0014671 0.169323 0.659888
8.4 4.34883e-10 1.858e-12 0.138332 0.000882862 0.138332 0.722453
8.52 3.48893e-10 1.23218e-12 0.110923 0.000526485 0.110923 0.777627
8.64 2.75184e-10 8.5588e-13 0.0874381 0.000311381 0.0874381 0.824812
8.76 2.13713e-10 6.32261e-13 0.0678599 0.000182839 0.0678599 0.864097
8.88 1.63649e-10 5.0094e-13 0.0519202 0.000106712 0.0519202 0.896053
9 1.237e-10 4.24752e-13 0.0392057 6.1975e-05 0.0392057 0.921527
9.12 9.2387e-11 3.81108e-13 0.0292435 3.58557e-05 0.0292435 0.941477
9.24 6.82299e-11 3.56454e-13 0.0215608 2.06871e-05 0.0215608 0.956858
9.36 4.9859e-11 3.42751e-13 0.0157205 1.19153e-05 0.0157205 0.968547
9.48 3.60725e-11 3.35282e-13 0.0113394 6.85946e-06 0.0113394 0.977314
9.6 2.58548e-11 3.31314e-13 0.00809379 3.95282e-06 0.00809379 0.983808
9.72 1.83721e-11 3.29278e-13 0.00571803 2.28488e-06 0.00571803 0.988562
9.84 1.2955e-11 3.28285e-13 0.00399897 1.32904e-06 0.00399897 0.992001
9.96 9.07714e-12 3.27839e-13 0.00276903 7.81788e-07 0.00276903 0.994461
10.08 6.33146e-12 3.2767e-13 0.00189869 4.68651e-07 0.00189869 0.996202
10.2 4.40819e-12 3.27632e-13 0.00128942 2.89542e-07 0.00128942 0.997421
10.32 3.07512e-12 3.2765e-13 0.000867415 1.87117e-07 0.000867415 0.998265
10.44 2.16063e-12 3.27686e-13 0.00057813 1.28554e-07 0.00057813 0.998844
10.56 1.53959e-12 3.27725e-13 0.000381838 9.50737e-08 0.000381838 0.999236
10.68 1.122e-12 3.27757e-13 0.000249966 7.59387e-08 0.000249966 0.9995
10.8 8.43904e-13 3.27783e-13 0.000162234 6.50073e-08 0.000162234 0.999675
10.92 6.60463e-13 3.27802e-13 0.000104425 5.87671e-08 0.000104425 0.999791
11.04 5.40589e-13 3.27816e-13 6.66936e-05 5.52092e-08 6.66936e-05 0.999867
11.16 4.62999e-13 3.27826e-13 4.23027e-05 5.31847e-08 4.23027e-05 0.999915
11.28 4.13298e-13 3.27832e-13 2.67006e-05 5.20363e-08 2.67006e-05 0.999947
11.4 3.81878e-13 3.27837e-13 1.68517e-05 5.13885e-08 1.68517e-05 0.999966
11.52 3.62431e-13 3.27839e-13 1.07647e-05 5.10274e-08 1.07647e-05 0.999978
11.64 3.50919e-13 3.27841e-13 7.16634e-06 5.08322e-08 7.16634e-06 0.999986
11.76 3.44884e-13 3.27842e-13 5.28194e-06 5.07367e-08 5.28194e-06 0.999989
11.88 3.4301e-13 3.27842e-13 4.69721e-06 5.07082e-08 4.69721e-06 0.999991
