0 3.52286e-13 3.27841e-13 7.58204e-06 5.08203e-08 7.58204e-06 0.999985
0.12 3.55234e-13 3.2784e-13 8.50433e-06 5.08703e-08 8.50433e-06 0.999983
0.24 3.64706e-13 3.27839e-13 1.14688e-05 5.1037e-08 1.14688e-05 0.999977
0.36 3.82693e-13 3.27836e-13 1.71041e-05 5.13765e-08 1.71041e-05 0.999966
0.48 4.12902e-13 3.27832e-13 2.65795e-05 5.20017e-08 2.65795e-05 0.999947
0.6 4.61374e-13 3.27826e-13 4.18033e-05 5.31184e-08 4.18033e-05 0.999916
0.72 5.37468e-13 3.27817e-13 6.57339e-05 5.50914e-08 6.57339e-05 0.999869
0.84 6.55304e-13 3.27803e-13 0.000102838 5.85609e-08 0.000102838 0.999794
0.96 8.35824e-13 3.27784e-13 0.000159747 6.46472e-08 0.000159747 0.99968
1.08 1.10966e-12 3.27758e-13 0.000246165 7.53091e-08 0.000246165 0.999508
1.2 1.52104e-12 3.27725e-13 0.00037612 9.39715e-08 0.00037612 0.999248
1.32 2.13308e-12 3.27687e-13 0.000569635 1.26622e-07 0.000569635 0.998861
1.44 3.03467e-12 3.27649e-13 0.000854931 1.83731e-07 0.000854931 0.99829
1.56 4.34941e-12 3.27629e-13 0.00127128 2.83603e-07 0.00127128 0.997457
1.68 6.24695e-12 3.27661e-13 0.00187259 4.58231e-07 0.00187259 0.996254
1.8 8.95693e-12 3.27819e-13 0.0027319 7.63505e-07 0.0027319 0.994535
1.92 1.27859e-11 3.28243e-13 0.00394672 1.29697e-06 0.00394672 0.992105
2.04 1.81368e-11 3.29197e-13 0.00564534 2.22865e-06 0.00564534 0.988707
2.16 2.55313e-11 3.31161e-13 0.00799383 3.8543e-06 0.00799383 0.984008
2.28 3.56328e-11 3.34998e-13 0.0112035 6.68707e-06 0.0112035 0.977586
2.4 4.92687e-11 3.42234e-13 0.0155381 1.16141e-05 0.0155381 0.968912
2.52 6.74476e-11 3.55528e-13 0.0213192 2.01624e-05 0.0213192 0.957341
2.64 9.13645e-11 3.7947e-13 0.028928 3.49446e-05 0.028928 0.942109
2.76 1.22383e-10 4.21887e-13 0.0387998 6.03992e-05 0.0387998 0.92234
2.88 1.61983e-10 4.95979e-13 0.0514068 0.000104 0.0514068 0.897082
3 2.11645e-10 6.23751e-13 0.0672232 0.000178203 0.0672232 0.865375
3.12 2.72672e-10 8.41424e-13 0.086666 0.000303514 0.086666 0.826364
3.24 3.45919e-10 1.20785e-12 0.110011 0.000513247 0.110011 0.779465
3.36 4.31467e-10 1.81747e-12 0.137287 0.000860787 0.137287 0.724566
3.48 5.28277e-10 2.82013e-12 0.168166 0.00143063 0.168166 0.662237
3.6 6.33947e-10 4.45216e-12 0.201888 0.00235538 0.201888 0.593869
3.72 7.44664e-10 7.0869e-12 0.237239 0.00384312 0.237239 0.52168
3.84 8.55444e-10 1.13235e-11 0.272633 0.00622503 0.272633 0.44851
3.96 9.60612e-10 1.81576e-11 0.306261 0.0100473 0.306261 0.377431
4.08 1.05429e-09 2.93434e-11 0.336247 0.0162684 0.336247 0.311237
4.2 1.13044e-09 4.82192e-11 0.360665 0.026718 0.360665 0.251952
4.32 1.18174e-09 8.16514e-11 0.377174 0.0452027 0.377174 0.200449
4.44 1.196e-09 1.44362e-10 0.381874 0.0800268 0.381874 0.156226
4.56 1.14927e-09 2.66206e-10 0.36711 0.148422 0.36711 0.117359
4.68 1.00346e-09 4.9197e-10 0.320691 0.277288 0.320691 0.0813304
4.8 7.44019e-10 8.31431e-10 0.237923 0.475847 0.237923 0.048308
4.92 4.54747e-10 1.17453e-09 0.14554 0.685311 0.14554 0.0236096
5.04 2.45618e-10 1.39361e-09 0.0786984 0.832513 0.0786984 0.0100902
5.16 1.29074e-10 1.48628e-09 0.0414168 0.912996 0.0414168 0.0041702
5.28 6.95293e-11 1.50437e-09 0.0223468 0.953518 0.0223468 0.00178846
5.4 3.88733e-11 1.48755e-09 0.0125138 0.974151 0.0125138 0.000821787
5.52 2.25662e-11 1.45836e-09 0.00727418 0.985043 0.00727418 0.000408479
5.64 1.38126e-11 1.42966e-09 0.00445692 0.990863 0.00445692 0.000222836
5.76 9.45917e-12 1.40932e-09 0.00305402 0.99375 0.00305402 0.000141341
5.88 8.09937e-12 1.40182e-09 0.00261548 0.994651 0.00261548 0.000117532
6 9.31671e-12 1.40868e-09 0.00300798 0.993845 0.00300798 0.000139016
6.12 1.34809e-11 1.42852e-09 0.0043498 0.991083 0.0043498 0.000216916
6.24 2.19286e-11 1.45703e-09 0.00706838 0.985468 0.00706838 0.000395299
6.36 3.76762e-11 1.48657e-09 0.0121278 0.974952 0.0121278 0.000791705
6.48 6.72256e-11 1.50463e-09 0.0216049 0.955074 0.0216049 0.00171577
6.6 1.24511e-10 1.48944e-09 0.039949 0.916114 0.039949 0.00398759
6.72 2.36768e-10 1.40243e-09 0.0758531 0.838651 0.0758531 0.00964317
6.84 4.4e-10 1.19147e-09 0.140797 0.69574 0.140797 0.0226666
6.96 7.26831e-10 8.52866e-10 0.232382 0.488383 0.232382 0.0468524
7.08 9.911e-10 5.08881e-10 0.316675 0.286911 0.316675 0.0797385
7.2 1.14342e-09 2.75948e-10 0.365161 0.15386 0.365161 0.115819
7.32 1.19446e-09 1.49372e-10 0.381298 0.0827823 0.381298 0.154622
7.44 1.18265e-09 8.42428e-11 0.377376 0.0466146 0.377376 0.198633
7.56 1.13281e-09 4.96304e-11 0.361338 0.027484 0.361338 0.249841
7.68 1.05763e-09 3.0154e-11 0.337235 0.0167086 0.337235 0.308822
7.8 9.64614e-10 1.86413e-11 0.307464 0.0103107 0.307464 0.374762
7.92 8.59834e-10 1.16184e-11 0.273966 0.00638616 0.273966 0.445682
8.04 7.4919e-10 7.26823e-12 0.238623 0.00394245 0.238623 0.518812
8.16 6.3838e-10 4.56365e-12 0.20325 0.00241655 0.20325 0.591084
8.28 5.32429e-10 2.88832e-12 0.169447 0.00146807 0.169447 0.659639
8.4 4.35206e-10 1.85884e-12 0.138442 0.000883508 0.138442 0.722232
8.52 3.49173e-10 1.23271e-12 0.111018 0.000526903 0.111018 0.777436
8.64 2.7542e-10 8.56213e-13 0.0875182 0.000311645 0.0875182 0.824652
8.76 2.13907e-10 6.32461e-13 0.0679255 0.000183003 0.0679255 0.863966
8.88 1.63805e-10 5.01058e-13 0.0519729 0.000106812 0.0519729 0.895947
9 1.23823e-10 4.24818e-13 0.0392472 6.20359e-05 0.0392472 0.921443
9.12 9.24829e-11 3.81144e-13 0.0292757 3.58922e-05 0.0292757 0.941413
9.24 6.83034e-11 3.56473e-13 0.0215854 2.07088e-05 0.0215854 0.956808
9.36 4.99145e-11 3.4276e-13 0.015739 1.19281e-05 0.015739 0.96851
9.48 3.61139e-11 3.35286e-13 0.0113532 6.86699e-06 0.0113532 0.977287
9.6 2.58854e-11 3.31315e-13 0.00810398 3.95723e-06 0.00810398 0.983788
9.72 1.83943e-11 3.29278e-13 0.00572544 2.28745e-06 0.00572544 0.988547
9.84 1.2971e-11 3.28284e-13 0.00400431 1.33054e-06 0.00400431 0.99199
9.96 9.08857e-12 3.27838e-13 0.00277283 7.82656e-07 0.00277283 0.994454
10.08 6.33953e-12 3.27669e-13 0.00190137 4.69155e-07 0.00190137 0.996197
10.2 4.41382e-12 3.27632e-13 0.00129129 2.89834e-07 0.00129129 0.997417
10.32 3.07901e-12 3.2765e-13 0.000868701 1.87286e-07 0.000868701 0.998262
10.44 2.16328e-12 3.27686e-13 0.000579009 1.28651e-07 0.000579009 0.998842
10.56 1.54139e-12 3.27724e-13 0.000382432 9.51297e-08 0.000382432 0.999235
10.68 1.1232e-12 3.27757e-13 0.000250364 7.59708e-08 0.000250364 0.999499
10.8 8.44707e-13 3.27783e-13 0.000162498 6.50256e-08 0.000162498 0.999675
10.92 6.60992e-13 3.27802e-13 0.000104599 5.87775e-08 0.000104599 0.999791
11.04 5.40935e-13 3.27816e-13 6.68068e-05 5.52151e-08 6.68068e-05 0.999866
11.16 4.63223e-13 3.27826e-13 4.2376e-05 5.3188e-08 4.2376e-05 0.999915
11.28 4.13443e-13 3.27832e-13 2.67478e-05 5.20381e-08 2.67478e-05 0.999946
11.4 3.81971e-13 3.27837e-13 1.6882e-05 5.13895e-08 1.6882e-05 0.999966
11.52 3.62492e-13 3.27839e-13 1.07844e-05 5.10279e-08 1.07844e-05 0.999978
11.64 3.5096e-13 3.27841e-13 7.17956e-06 5.08324e-08 7.17956e-06 0.999986
11.76 3.44914e-13 3.27842e-13 5.29174e-06 5.07368e-08 5.29174e-06 0.999989
11.88 3.43037e-13 3.27842e-13 4.70591e-06 5.07082e-08 4.70591e-06 0.999991
