0 3.52292e-13 3.27841e-13 7.58403e-06 5.08203e-08 7.58403e-06 0.999985
0.12 3.55241e-13 3.2784e-13 8.50656e-06 5.08703e-08 8.50656e-06 0.999983
0.24 3.64715e-13 3.27839e-13 1.14718e-05 5.10371e-08 1.14718e-05 0.999977
0.36 3.82707e-13 3.27836e-13 1.71085e-05 5.13767e-08 1.71085e-05 0.999966
0.48 4.12923e-13 3.27832e-13 2.65862e-05 5.20019e-08 2.65862e-05 0.999947
0.6 4.61406e-13 3.27826e-13 4.18137e-05 5.31188e-08 4.18137e-05 0.999916
0.72 5.37517e-13 3.27817e-13 6.575e-05 5.50922e-08 6.575e-05 0.999868
0.84 6.55379e-13 3.27803e-13 0.000102863 5.85624e-08 0.000102863 0.999794
0.96 8.35938e-13 3.27784e-13 0.000159784 6.46498e-08 0.000159784 0.99968
1.08 1.10983e-12 3.27758e-13 0.000246221 7.53136e-08 0.000246221 0.999508
1.2 1.5213e-12 3.27725e-13 0.000376204 9.39793e-08 0.000376204 0.999248
1.32 2.13346e-12 3.27687e-13 0.000569759 1.26636e-07 0.000569759 0.99886
1.44 3.03522e-12 3.27649e-13 0.000855113 1.83755e-07 0.000855113 0.99829
1.56 4.3502e-12 3.27629e-13 0.00127154 2.83644e-07 0.00127154 0.997457
1.68 6.24809e-12 3.27661e-13 0.00187297 4.58301e-07 0.00187297 0.996254
1.8 8.95855e-12 3.27819e-13 0.00273244 7.63626e-07 0.00273244 0.994534
1.92 1.27881e-11 3.28243e-13 0.00394748 1.29718e-06 0.00394748 0.992104
2.04 1.814e-11 3.29197e-13 0.00564639 2.229e-06 0.00564639 0.988705
2.16 2.55356e-11 3.31161e-13 0.00799527 3.85491e-06 0.00799527 0.984006
2.28 3.56386e-11 3.34999e-13 0.0112055 6.68811e-06 0.0112055 0.977582
2.4 4.92765e-11 3.42235e-13 0.0155408 1.16159e-05 0.0155408 0.968907
2.52 6.7458e-11 3.55531e-13 0.0213227 2.01654e-05 0.0213227 0.957334
2.64 9.1378e-11 3.79475e-13 0.0289325 3.49496e-05 0.0289325 0.9421
2.76 1.22401e-10 4.21896e-13 0.0388056 6.04076e-05 0.0388056 0.922328
2.88 1.62005e-10 4.95996e-13 0.0514143 0.000104014 0.0514143 0.897067
3 2.11672e-10 6.23779e-13 0.0672324 0.000178226 0.0672324 0.865357
3.12 2.72705e-10 8.41469e-13 0.0866773 0.000303551 0.0866773 0.826342
3.24 3.45959e-10 1.20793e-12 0.110024 0.000513304 0.110024 0.779438
3.36 4.31513e-10 1.81758e-12 0.137302 0.000860876 0.137302 0.724535
3.48 5.28328e-10 2.82031e-12 0.168184 0.00143076 0.168184 0.662201
3.6 6.34002e-10 4.45241e-12 0.201907 0.00235557 0.201907 0.593831
3.72 7.4472e-10 7.08725e-12 0.237259 0.0038434 0.237259 0.52164
3.84 8.555e-10 1.13239e-11 0.272653 0.00622542 0.272653 0.448469
3.96 9.60665e-10 1.81582e-11 0.30628 0.0100478 0.30628 0.377392
4.08 1.05434e-09 2.93441e-11 0.336265 0.016269 0.336265 0.311202
4.2 1.13048e-09 4.822e-11 0.360681 0.0267189 0.360681 0.25192
4.32 1.18178e-09 8.16522e-11 0.377187 0.0452037 0.377187 0.200422
4.44 1.19603e-09 1.44363e-10 0.381884 0.0800283 0.381884 0.156203
4.56 1.14929e-09 2.66207e-10 0.367118 0.148424 0.367118 0.117341
4.68 1.00347e-09 4.91969e-10 0.320696 0.277291 0.320696 0.0813177
4.8 7.4402e-10 8.31426e-10 0.237925 0.475851 0.237925 0.0483002
4.92 4.54745e-10 1.17452e-09 0.14554 0.685314 0.14554 0.0236057
5.04 2.45615e-10 1.3936e-09 0.078698 0.832516 0.078698 0.0100885
5.16 1.29071e-10 1.48627e-09 0.0414163 0.912998 0.0414163 0.00416952
5.28 6.95276e-11 1.50435e-09 0.0223463 0.953519 0.0223463 0.00178818
5.4 3.8872e-11 1.48754e-09 0.0125134 0.974151 0.0125134 0.000821661
5.52 2.25653e-11 1.45834e-09 0.00727391 0.985043 0.00727391 0.000408419
5.64 1.3812e-11 1.42966e-09 0.00445674 0.990863 0.00445674 0.000222807
5.76 9.45888e-12 1.40932e-09 0.00305393 0.99375 0.00305393 0.000141329
5.88 8.09937e-12 1.40182e-09 0.00261548 0.994651 0.00261548 0.000117532
6 9.31699e-12 1.40868e-09 0.00300807 0.993844 0.00300807 0.000139028
6.12 1.34815e-11 1.42853e-09 0.00434998 0.991083 0.00434998 0.000216944
6.24 2.19295e-11 1.45704e-09 0.00706866 0.985467 0.00706866 0.000395357
6.36 3.76775e-11 1.48658e-09 0.0121282 0.974952 0.0121282 0.000791828
6.48 6.72273e-11 1.50465e-09 0.0216054 0.955073 0.0216054 0.00171604
6.6 1.24513e-10 1.48946e-09 0.0399495 0.916113 0.0399495 0.00398825
6.72 2.36771e-10 1.40244e-09 0.0758536 0.838648 0.0758536 0.00964478
6.84 4.40003e-10 1.19148e-09 0.140797 0.695736 0.140797 0.0226704
6.96 7.26831e-10 8.5287e-10 0.232381 0.488379 0.232381 0.0468601
7.08 9.91093e-10 5.08881e-10 0.316671 0.286907 0.316671 0.0797512
7.2 1.1434e-09 2.75948e-10 0.365153 0.153857 0.365153 0.115836
7.32 1.19444e-09 1.49371e-10 0.381287 0.0827807 0.381287 0.154645
7.44 1.18261e-09 8.42419e-11 0.377363 0.0466134 0.377363 0.19866
7.56 1.13277e-09 4.96295e-11 0.361322 0.0274831 0.361322 0.249872
7.68 1.05759e-09 3.01532e-11 0.337217 0.0167078 0.337217 0.308858
7.8 9.64561e-10 1.86407e-11 0.307445 0.0103102 0.307445 0.374801
7.92 8.59778e-10 1.16179e-11 0.273946 0.00638576 0.273946 0.445722
8.04 7.49133e-10 7.26786e-12 0.238603 0.00394216 0.238603 0.518852
8.16 6.38325e-10 4.56339e-12 0.203231 0.00241635 0.203231 0.591122
8.28 5.32378e-10 2.88814e-12 0.169429 0.00146793 0.169429 0.659674
8.4 4.3516e-10 1.85872e-12 0.138427 0.000883416 0.138427 0.722263
8.52 3.49133e-10 1.23264e-12 0.111005 0.000526843 0.111005 0.777463
8.64 2.75386e-10 8.56165e-13 0.0875068 0.000311608 0.0875068 0.824675
8.76 2.1388e-10 6.32433e-13 0.0679162 0.00018298 0.0679162 0.863985
8.88 1.63783e-10 5.01041e-13 0.0519654 0.000106798 0.0519654 0.895962
9 1.23805e-10 4.24809e-13 0.0392413 6.20272e-05 0.0392413 0.921455
9.12 9.24692e-11 3.81139e-13 0.0292711 3.5887e-05 0.0292711 0.941422
9.24 6.82929e-11 3.5647e-13 0.0215819 2.07057e-05 0.0215819 0.956815
9.36 4.99066e-11 3.42758e-13 0.0157364 1.19262e-05 0.0157364 0.968515
9.48 3.6108e-11 3.35286e-13 0.0113512 6.86592e-06 0.0113512 0.977291
9.6 2.5881e-11 3.31315e-13 0.00810253 3.9566e-06 0.00810253 0.983791
9.72 1.83911e-11 3.29278e-13 0.00572438 2.28709e-06 0.00572438 0.988549
9.84 1.29687e-11 3.28284e-13 0.00400355 1.33032e-06 0.00400355 0.991992
9.96 9.08694e-12 3.27838e-13 0.00277229 7.82532e-07 0.00277229 0.994455
10.08 6.33837e-12 3.2767e-13 0.00190098 4.69083e-07 0.00190098 0.996198
10.2 4.41302e-12 3.27632e-13 0.00129102 2.89792e-07 0.00129102 0.997418
10.32 3.07845e-12 3.2765e-13 0.000868517 1.87262e-07 0.000868517 0.998263
10.44 2.16291e-12 3.27686e-13 0.000578883 1.28637e-07 0.000578883 0.998842
10.56 1.54113e-12 3.27724e-13 0.000382347 9.51217e-08 0.000382347 0.999235
10.68 1.12303e-12 3.27757e-13 0.000250307 7.59663e-08 0.000250307 0.999499
10.8 8.44592e-13 3.27783e-13 0.000162461 6.5023e-08 0.000162461 0.999675
10.92 6.60917e-13 3.27802e-13 0.000104574 5.8776e-08 0.000104574 0.999791
11.04 5.40885e-13 3.27816e-13 6.67906e-05 5.52143e-08 6.67906e-05 0.999866
11.16 4.63191e-13 3.27826e-13 4.23655e-05 5.31875e-08 4.23655e-05 0.999915
11.28 4.13422e-13 3.27832e-13 2.6741e-05 5.20379e-08 2.6741e-05 0.999946
11.4 3.81958e-13 3.27837e-13 1.68776e-05 5.13893e-08 1.68776e-05 0.999966
11.52 3.62483e-13 3.27839e-13 1.07815e-05 5.10278e-08 1.07815e-05 0.999978
11.64 3.50954e-13 3.27841e-13 7.17767e-06 5.08324e-08 7.17767e-06 0.999986
11.76 3.4491e-13 3.27842e-13 5.29034e-06 5.07368e-08 5.29034e-06 0.999989
11.88 3.43033e-13 3.27842e-13 4.70467e-06 5.07082e-08 4.70467e-06 0.999991
