0 0.000241479 0.000127575 4.35325e-22 1.47446e-25 4.35325e-22 0.999631
0.12 0.000255386 0.000127573 4.88654e-22 1.49331e-25 4.88654e-22 0.999617
0.24 0.000290565 0.00012757 6.23571e-22 1.54322e-25 6.23571e-22 0.999582
0.36 0.000348761 0.000127564 8.46804e-22 1.63247e-25 8.46804e-22 0.999523
0.48 0.000436666 0.000127556 1.18408e-21 1.78162e-25 1.18408e-21 0.999436
0.6 0.000565601 0.000127545 1.67889e-21 2.02751e-25 1.67889e-21 0.999307
0.72 0.000752404 0.000127529 2.39593e-21 2.43272e-25 2.39593e-21 0.99912
0.84 0.00102112 0.000127508 3.42762e-21 3.10244e-25 3.42762e-21 0.998851
0.96 0.00140546 0.000127481 4.90342e-21 4.21346e-25 4.90342e-21 0.998467
1.08 0.00195202 0.000127447 7.00249e-21 6.06333e-25 7.00249e-21 0.997921
1.2 0.00272462 0.000127406 9.96999e-21 9.15396e-25 9.96999e-21 0.997148
1.32 0.00380963 0.000127363 1.41378e-20 1.43335e-24 1.41378e-20 0.996063
1.44 0.00532275 0.000127325 1.99506e-20 2.30373e-24 1.99506e-20 0.99455
1.56 0.00741712 0.000127312 2.79967e-20 3.76975e-24 2.79967e-20 0.992456
1.68 0.0102931 0.000127363 3.9046e-20 6.24366e-24 3.9046e-20 0.98958
1.8 0.0142093 0.000127552 5.40925e-20 1.04243e-23 5.40925e-20 0.985663
1.92 0.0194952 0.000128017 7.44017e-20 1.74953e-23 7.44017e-20 0.980377
2.04 0.0265639 0.000129001 1.01561e-19 2.94581e-23 1.01561e-19 0.973307
2.16 0.0359241 0.000130934 1.37524e-19 4.96888e-23 1.37524e-19 0.963945
2.28 0.0481896 0.000134558 1.8465e-19 8.38603e-23 1.8465e-19 0.951676
2.4 0.0640812 0.000141142 2.45707e-19 1.41458e-22 2.45707e-19 0.935778
2.52 0.0844166 0.000152821 3.23836e-19 2.38239e-22 3.23836e-19 0.915431
2.64 0.110079 0.000173151 4.22429e-19 4.00164e-22 4.22429e-19 0.889748
2.76 0.141953 0.000207979 5.44883e-19 6.69575e-22 5.44883e-19 0.857839
2.88 0.180821 0.000266788 6.94204e-19 1.11472e-21 6.94204e-19 0.818912
3 0.227213 0.000364747 8.72422e-19 1.8441e-21 8.72422e-19 0.772422
3.12 0.281215 0.000525772 1.07987e-18 3.02773e-21 1.07987e-18 0.718259
3.24 0.34228 0.000787047 1.31443e-18 4.92804e-21 1.31443e-18 0.656933
3.36 0.409076 0.00120572 1.57099e-18 7.9449e-21 1.57099e-18 0.589719
3.48 0.479465 0.00186905 1.84133e-18 1.26822e-20 1.84133e-18 0.518665
3.6 0.550651 0.00291033 2.1147e-18 2.00512e-20 2.1147e-18 0.446439
3.72 0.619483 0.00453587 2.379e-18 3.1442e-20 2.379e-18 0.375981
3.84 0.682858 0.00707395 2.6223e-18 4.90371e-20 2.6223e-18 0.310068
3.96 0.73804 0.0110722 2.83409e-18 7.64449e-20 2.83409e-18 0.250887
4.08 0.782741 0.017508 3.00557e-18 1.20104e-19 3.00557e-18 0.199751
4.2 0.814723 0.0282743 3.12817e-18 1.92627e-19 3.12817e-18 0.157003
4.32 0.830592 0.0473324 3.18884e-18 3.20971e-19 3.18884e-18 0.122076
4.44 0.8231 0.0832929 3.15976e-18 5.65316e-19 3.15976e-18 0.0936076
4.56 0.776617 0.153797 2.98094e-18 1.05279e-18 2.98094e-18 0.0695859
4.68 0.666481 0.285605 2.55777e-18 1.98586e-18 2.55777e-18 0.0479149
4.8 0.485812 0.485812 1.86396e-18 3.44729e-18 1.86396e-18 0.0283756
4.92 0.292325 0.693762 1.12114e-18 5.03927e-18 1.12114e-18 0.0139139
5.04 0.155837 0.838141 5.97289e-19 6.24821e-18 5.97289e-19 0.00602189
5.16 0.0808466 0.916609 3.09556e-19 7.0267e-18 3.09556e-19 0.00254392
5.28 0.0429696 0.955904 1.64293e-19 7.53471e-18 1.64293e-19 0.00112641
5.4 0.0238349 0.97562 9.09619e-20 7.87993e-18 9.09619e-20 0.000545349
5.52 0.0140951 0.985602 5.36623e-20 8.09824e-18 5.36623e-20 0.000302495
5.64 0.00943948 0.99035 3.58244e-20 8.19208e-18 3.58244e-20 0.000210606
5.76 0.00793218 0.991863 2.99823e-20 8.15993e-18 2.99823e-20 0.000204494
5.88 0.00881765 0.990909 3.31775e-20 8.01037e-18 3.31775e-20 0.000273703
6 0.0120922 0.987458 4.52879e-20 7.76369e-18 4.52879e-20 0.000449268
6.12 0.0185006 0.980671 6.89641e-20 7.44502e-18 6.89641e-20 0.000828393
6.24 0.0299574 0.968378 1.11132e-19 7.07314e-18 1.11132e-19 0.00166452
6.36 0.0507099 0.945667 1.87205e-19 6.64541e-18 1.87205e-19 0.00362308
6.48 0.0897938 0.901763 3.29999e-19 6.11529e-18 3.29999e-19 0.00844323
6.6 0.163961 0.81576 6.00322e-19 5.36618e-18 6.00322e-19 0.0202802
6.72 0.291454 0.66201 1.06419e-18 4.24939e-18 1.06419e-18 0.0465371
6.84 0.456514 0.451232 1.66372e-18 2.84209e-18 1.66372e-18 0.0922543
6.96 0.590946 0.259114 2.15075e-18 1.60921e-18 2.15075e-18 0.149939
7.08 0.653671 0.13716 2.37659e-18 8.43711e-19 2.37659e-18 0.209168
7.2 0.658558 0.0727842 2.39229e-18 4.45279e-19 2.39229e-18 0.268657
7.32 0.629031 0.040064 2.28329e-18 2.4443e-19 2.28329e-18 0.330905
7.44 0.579991 0.022876 2.10382e-18 1.39262e-19 2.10382e-18 0.397133
7.56 0.519991 0.013394 1.88494e-18 8.12339e-20 1.88494e-18 0.466615
7.68 0.45472 0.0079539 1.6473e-18 4.78949e-20 1.6473e-18 0.537326
7.8 0.388541 0.00475862 1.40669e-18 2.82932e-20 1.40669e-18 0.6067
7.92 0.324887 0.00286213 1.17551e-18 1.66617e-20 1.17551e-18 0.672251
8.04 0.26626 0.00173443 9.62781e-19 9.75719e-21 9.62781e-19 0.732006
8.16 0.214223 0.00106596 7.74114e-19 5.67696e-21 7.74114e-19 0.784711
8.28 0.169477 0.000671932 6.11997e-19 3.28184e-21 6.11997e-19 0.829851
8.4 0.132035 0.000441216 4.76429e-19 1.88615e-21 4.76429e-19 0.867523
8.52 0.10143 0.000307052 3.65684e-19 1.07854e-21 3.65684e-19 0.898263
8.64 0.0769164 0.000229562 2.77033e-19 6.1416e-22 2.77033e-19 0.922854
8.76 0.0576268 0.000185103 2.07317e-19 3.4857e-22 2.07317e-19 0.942188
8.88 0.0426865 0.000159762 1.53352e-19 1.97342e-22 1.53352e-19 0.957154
9 0.0312798 0.000145417 1.12176e-19 1.11535e-22 1.12176e-19 0.968575
9.12 0.0226861 0.000137357 8.1173e-20 6.29779e-23 8.1173e-20 0.977177
9.24 0.0162922 0.000132866 5.8122e-20 3.55552e-23 5.8122e-20 0.983575
9.36 0.0115918 0.000130389 4.1188e-20 2.00896e-23 4.1188e-20 0.988278
9.48 0.00817616 0.00012904 2.88917e-20 1.13754e-23 2.88917e-20 0.991695
9.6 0.005722 0.000128316 2.00636e-20 6.46767e-24 2.00636e-20 0.99415
9.72 0.00397805 0.000127936 1.37955e-20 3.70422e-24 1.37955e-20 0.995894
9.84 0.00275215 0.000127742 9.39332e-21 2.14804e-24 9.39332e-21 0.99712
9.96 0.00189954 0.000127646 6.33454e-21 1.27149e-24 6.33454e-21 0.997973
10.08 0.00131272 0.000127602 4.23147e-21 7.77559e-25 4.23147e-21 0.99856
10.2 0.000912967 0.000127583 2.8004e-21 4.99089e-25 2.8004e-21 0.998959
10.32 0.000643371 0.000127577 1.83644e-21 3.42008e-25 1.83644e-21 0.999229
10.44 0.000463339 0.000127577 1.19356e-21 2.53352e-25 1.19356e-21 0.999409
10.56 0.000344272 0.000127578 7.68979e-22 2.03288e-25 7.68979e-22 0.999528
10.68 0.000266263 0.00012758 4.91229e-22 1.75005e-25 4.91229e-22 0.999606
10.8 0.000215621 0.000127582 3.11221e-22 1.59021e-25 3.11221e-22 0.999657
10.92 0.00018304 0.000127583 1.9562e-22 1.49987e-25 1.9562e-22 0.999689
11.04 0.000162265 0.000127585 1.22048e-22 1.44882e-25 1.22048e-22 0.99971
11.16 0.000149135 0.000127585 7.56504e-23 1.42e-25 7.56504e-23 0.999723
11.28 0.000140917 0.000127586 4.66783e-23 1.40375e-25 4.66783e-23 0.999731
11.4 0.000135837 0.000127586 2.88105e-23 1.39463e-25 2.88105e-23 0.999737
11.52 0.000132759 0.000127587 1.80093e-23 1.38957e-25 1.80093e-23 0.99974
11.64 0.000130972 0.000127587 1.1753e-23 1.38684e-25 1.1753e-23 0.999741
11.76 0.000130052 0.000127587 8.53525e-24 1.38551e-25 8.53525e-24 0.999742
11.88 0.000129771 0.000127587 7.55346e-24 1.38511e-25 7.55346e-24 0.999743
