0 1.58715e-09 1.49152e-11 0.496111 0.00777874 0.496111 3.60364e-08
0.04 1.58693e-09 1.51634e-11 0.496044 0.00791166 0.496044 3.59455e-08
0.08 1.58626e-09 1.59163e-11 0.495843 0.00831481 0.495843 3.56747e-08
0.12 1.58513e-09 1.71987e-11 0.495499 0.00900154 0.495499 3.52295e-08
0.16 1.58349e-09 1.90541e-11 0.495003 0.00999504 0.495003 3.46192e-08
0.2 1.5813e-09 2.1547e-11 0.494335 0.0113299 0.494335 3.38557e-08
0.24 1.57847e-09 2.4767e-11 0.493473 0.0130543 0.493473 3.29536e-08
0.28 1.5749e-09 2.8835e-11 0.492383 0.0152336 0.492383 3.19291e-08
0.32 1.57046e-09 3.39114e-11 0.491022 0.0179549 0.491022 3.07995e-08
0.36 1.56496e-09 4.02077e-11 0.489333 0.0213333 0.489333 2.95824e-08
0.4 1.55815e-09 4.80014e-11 0.487239 0.0255213 0.487239 2.82948e-08
0.44 1.54972e-09 5.76564e-11 0.48464 0.0307198 0.48464 2.69525e-08
0.48 1.53925e-09 6.9649e-11 0.481403 0.0371938 0.481403 2.55694e-08
0.52 1.52618e-09 8.46001e-11 0.477354 0.0452914 0.477354 2.41571e-08
0.56 1.50978e-09 1.03313e-10 0.472267 0.0554665 0.472267 2.27241e-08
0.6 1.48912e-09 1.26814e-10 0.465848 0.0683042 0.465848 2.12755e-08
0.64 1.46303e-09 1.56386e-10 0.457729 0.0845429 0.457729 1.98135e-08
0.68 1.43006e-09 1.93578e-10 0.447457 0.105086 0.447457 1.83367e-08
0.72 1.38853e-09 2.40171e-10 0.434507 0.130985 0.434507 1.68419e-08
0.76 1.33663e-09 2.98043e-10 0.418311 0.163377 0.418311 1.53251e-08
0.8 1.27265e-09 3.68906e-10 0.398332 0.203336 0.398332 1.37846e-08
0.84 1.19536e-09 4.53867e-10 0.374184 0.251633 0.374184 1.22242e-08
0.88 1.10453e-09 5.5287e-10 0.345793 0.308414 0.345793 1.06572e-08
0.92 1.00145e-09 6.64139e-10 0.313564 0.372872 0.313564 9.10891e-09
0.96 8.89233e-10 7.83911e-10 0.278469 0.443063 0.278469 7.61588e-09
1 7.72615e-10 9.0671e-10 0.241987 0.516026 0.241987 6.22109e-09
1.04 6.57186e-10 1.02623e-09 0.205869 0.588261 0.205869 4.96529e-09
1.08 5.48304e-10 1.1366e-09 0.171794 0.656412 0.171794 3.87804e-09
1.12 4.5008e-10 1.23341e-09 0.141048 0.717904 0.141048 2.9721e-09
1.16 3.64857e-10 1.31434e-09 0.114367 0.771265 0.114367 2.24318e-09
1.2 2.93242e-10 1.37899e-09 0.0919428 0.816114 0.0919428 1.67395e-09
1.24 2.3453e-10 1.42839e-09 0.0735549 0.85289 0.0735549 1.24004e-09
1.28 1.87241e-10 1.46442e-09 0.0587416 0.882517 0.0587416 9.15281e-10
1.32 1.49592e-10 1.48927e-09 0.0469454 0.906109 0.0469454 6.75343e-10
1.36 1.19812e-10 1.50508e-09 0.0376124 0.924775 0.0376124 4.99528e-10
1.4 9.63169e-11 1.51379e-09 0.0302469 0.939506 0.0302469 3.71246e-10
1.44 7.77728e-11 1.51704e-09 0.0244318 0.951136 0.0244318 2.77738e-10
1.48 6.31034e-11 1.5162e-09 0.0198303 0.960339 0.0198303 2.09467e-10
1.52 5.1461e-11 1.51238e-09 0.0161771 0.967646 0.0161771 1.59441e-10
1.56 4.21886e-11 1.50649e-09 0.0132665 0.973467 0.0132665 1.22603e-10
1.6 3.47818e-11 1.49927e-09 0.0109407 0.978119 0.0109407 9.53218e-11
1.64 2.88551e-11 1.49133e-09 0.00907894 0.981842 0.00907894 7.50053e-11
1.68 2.41147e-11 1.48317e-09 0.00758933 0.984821 0.00758933 5.98052e-11
1.72 2.03365e-11 1.4752e-09 0.00640172 0.987197 0.00640172 4.84054e-11
1.76 1.73504e-11 1.46777e-09 0.0054628 0.989074 0.0054628 3.98687e-11
1.8 1.50275e-11 1.46116e-09 0.00473219 0.990536 0.00473219 3.35295e-11
1.84 1.32711e-11 1.4556e-09 0.00417964 0.991641 0.00417964 2.89176e-11
1.88 1.20104e-11 1.45127e-09 0.00378299 0.992434 0.00378299 2.57062e-11
1.92 1.11961e-11 1.44831e-09 0.00352671 0.992947 0.00352671 2.36762e-11
1.96 1.07965e-11 1.44681e-09 0.00340096 0.993198 0.00340096 2.26932e-11
2 1.07965e-11 1.44681e-09 0.00340096 0.993198 0.00340096 2.26932e-11
2.04 1.11961e-11 1.44831e-09 0.00352671 0.992947 0.00352671 2.36762e-11
2.08 1.20104e-11 1.45127e-09 0.00378299 0.992434 0.00378299 2.57062e-11
2.12 1.32711e-11 1.4556e-09 0.00417964 0.991641 0.00417964 2.89176e-11
2.16 1.50275e-11 1.46116e-09 0.00473219 0.990536 0.00473219 3.35296e-11
2.2 1.73504e-11 1.46777e-09 0.0054628 0.989074 0.0054628 3.98687e-11
2.24 2.03365e-11 1.4752e-09 0.00640172 0.987197 0.00640172 4.84054e-11
2.28 2.41147e-11 1.48317e-09 0.00758933 0.984821 0.00758933 5.98052e-11
2.32 2.88551e-11 1.49133e-09 0.00907894 0.981842 0.00907894 7.50053e-11
2.36 3.47818e-11 1.49927e-09 0.0109407 0.978119 0.0109407 9.53219e-11
2.4 4.21886e-11 1.50649e-09 0.0132665 0.973467 0.0132665 1.22603e-10
2.44 5.1461e-11 1.51238e-09 0.0161771 0.967646 0.0161771 1.59441e-10
2.48 6.31034e-11 1.5162e-09 0.0198303 0.960339 0.0198303 2.09467e-10
2.52 7.77728e-11 1.51704e-09 0.0244318 0.951136 0.0244318 2.77738e-10
2.56 9.63169e-11 1.51379e-09 0.0302469 0.939506 0.0302469 3.71246e-10
2.6 1.19812e-10 1.50508e-09 0.0376124 0.924775 0.0376124 4.99528e-10
2.64 1.49592e-10 1.48927e-09 0.0469454 0.906109 0.0469454 6.75343e-10
2.68 1.87241e-10 1.46442e-09 0.0587416 0.882517 0.0587416 9.15281e-10
2.72 2.3453e-10 1.42839e-09 0.0735549 0.85289 0.0735549 1.24004e-09
2.76 2.93242e-10 1.37899e-09 0.0919428 0.816114 0.0919428 1.67395e-09
2.8 3.64857e-10 1.31434e-09 0.114367 0.771265 0.114367 2.24318e-09
2.84 4.5008e-10 1.23341e-09 0.141048 0.717903 0.141048 2.9721e-09
2.88 5.48304e-10 1.1366e-09 0.171794 0.656412 0.171794 3.87804e-09
2.92 6.57186e-10 1.02623e-09 0.205869 0.588261 0.205869 4.96529e-09
2.96 7.72615e-10 9.0671e-10 0.241987 0.516026 0.241987 6.22109e-09
3 8.89233e-10 7.83912e-10 0.278469 0.443063 0.278469 7.61588e-09
3.04 1.00145e-09 6.64139e-10 0.313564 0.372872 0.313564 9.10891e-09
3.08 1.10453e-09 5.5287e-10 0.345793 0.308414 0.345793 1.06572e-08
3.12 1.19536e-09 4.53867e-10 0.374184 0.251633 0.374184 1.22242e-08
3.16 1.27265e-09 3.68906e-10 0.398332 0.203336 0.398332 1.37846e-08
3.2 1.33663e-09 2.98043e-10 0.418311 0.163377 0.418311 1.53251e-08
3.24 1.38853e-09 2.40171e-10 0.434507 0.130985 0.434507 1.68419e-08
3.28 1.43006e-09 1.93578e-10 0.447457 0.105086 0.447457 1.83367e-08
3.32 1.46303e-09 1.56386e-10 0.457729 0.0845429 0.457729 1.98135e-08
3.36 1.48912e-09 1.26814e-10 0.465848 0.0683042 0.465848 2.12755e-08
3.4 1.50978e-09 1.03313e-10 0.472267 0.0554665 0.472267 2.27241e-08
3.44 1.52618e-09 8.46001e-11 0.477354 0.0452914 0.477354 2.41571e-08
3.48 1.53925e-09 6.9649e-11 0.481403 0.0371938 0.481403 2.55694e-08
3.52 1.54972e-09 5.76564e-11 0.48464 0.0307198 0.48464 2.69525e-08
3.56 1.55815e-09 4.80014e-11 0.487239 0.0255213 0.487239 2.82948e-08
3.6 1.56496e-09 4.02077e-11 0.489333 0.0213333 0.489333 2.95824e-08
3.64 1.57046e-09 3.39114e-11 0.491022 0.0179549 0.491022 3.07995e-08
3.68 1.5749e-09 2.8835e-11 0.492383 0.0152336 0.492383 3.19291e-08
3.72 1.57847e-09 2.4767e-11 0.493473 0.0130543 0.493473 3.29536e-08
3.76 1.5813e-09 2.1547e-11 0.494335 0.0113299 0.494335 3.38557e-08
3.8 1.58349e-09 1.90541e-11 0.495002 0.00999504 0.495002 3.46192e-08
3.84 1.58513e-09 1.71987e-11 0.495499 0.00900154 0.495499 3.52296e-08
3.88 1.58626e-09 1.59163e-11 0.495843 0.00831481 0.495843 3.56747e-08
3.92 1.58693e-09 1.51634e-11 0.496044 0.00791166 0.496044 3.59455e-08
3.96 1.58715e-09 1.49152e-11 0.496111 0.00777873 0.496111 3.60364e-08
