0 3.52362e-13 3.27841e-13 7.60659e-06 5.08207e-08 7.60659e-06 0.999985
0.12 3.55319e-13 3.2784e-13 8.53187e-06 5.08708e-08 8.53187e-06 0.999983
0.24 3.64819e-13 3.27839e-13 1.15058e-05 5.10379e-08 1.15058e-05 0.999977
0.36 3.8286e-13 3.27836e-13 1.71585e-05 5.13782e-08 1.71585e-05 0.999966
0.48 4.13157e-13 3.27832e-13 2.66627e-05 5.20048e-08 2.66627e-05 0.999947
0.6 4.61766e-13 3.27826e-13 4.19317e-05 5.3124e-08 4.19317e-05 0.999916
0.72 5.38071e-13 3.27816e-13 6.59318e-05 5.51016e-08 6.59318e-05 0.999868
0.84 6.56227e-13 3.27803e-13 0.000103142 5.8579e-08 0.000103142 0.999794
0.96 8.37225e-13 3.27784e-13 0.000160208 6.46789e-08 0.000160208 0.99968
1.08 1.11176e-12 3.27758e-13 0.000246859 7.53645e-08 0.000246859 0.999506
1.2 1.52418e-12 3.27725e-13 0.000377157 9.40679e-08 0.000377157 0.999246
1.32 2.13772e-12 3.27686e-13 0.000571168 1.2679e-07 0.000571168 0.998858
1.44 3.04145e-12 3.27648e-13 0.000857175 1.84021e-07 0.000857175 0.998286
1.56 4.35923e-12 3.27628e-13 0.00127453 2.84105e-07 0.00127453 0.997451
1.68 6.26102e-12 3.2766e-13 0.00187726 4.59097e-07 0.00187726 0.996245
1.8 8.97689e-12 3.27818e-13 0.00273853 7.64999e-07 0.00273853 0.994522
1.92 1.28139e-11 3.28242e-13 0.00395603 1.29954e-06 0.00395603 0.992087
2.04 1.81757e-11 3.29196e-13 0.00565828 2.23306e-06 0.00565828 0.988681
2.16 2.55846e-11 3.31162e-13 0.00801161 3.86186e-06 0.00801161 0.983973
2.28 3.57051e-11 3.35004e-13 0.0112277 6.69998e-06 0.0112277 0.977538
2.4 4.93656e-11 3.42249e-13 0.0155706 1.16361e-05 0.0155706 0.968847
2.52 6.75759e-11 3.5556e-13 0.0213622 2.01996e-05 0.0213622 0.957255
2.64 9.1532e-11 3.79531e-13 0.0289843 3.50071e-05 0.0289843 0.941996
2.76 1.22599e-10 4.22e-13 0.0388723 6.05034e-05 0.0388723 0.922195
2.88 1.62256e-10 4.96178e-13 0.0514989 0.000104172 0.0514989 0.896898
3 2.11984e-10 6.24091e-13 0.067338 0.000178484 0.067338 0.865145
3.12 2.73084e-10 8.41988e-13 0.0868061 0.000303965 0.0868061 0.826084
3.24 3.46409e-10 1.20876e-12 0.110178 0.000513959 0.110178 0.77913
3.36 4.32032e-10 1.81888e-12 0.13748 0.000861888 0.13748 0.724178
3.48 5.28908e-10 2.82227e-12 0.168384 0.00143229 0.168384 0.6618
3.6 6.34625e-10 4.45526e-12 0.202123 0.00235781 0.202123 0.593396
3.72 7.45362e-10 7.09123e-12 0.237484 0.00384658 0.237484 0.521185
3.84 8.56134e-10 1.13293e-11 0.272879 0.00622981 0.272879 0.448013
3.96 9.61262e-10 1.8165e-11 0.306497 0.0100537 0.306497 0.376952
4.08 1.05487e-09 2.93522e-11 0.336465 0.0162766 0.336465 0.310794
4.2 1.13094e-09 4.82289e-11 0.360857 0.0267285 0.360857 0.251557
4.32 1.18215e-09 8.16613e-11 0.377337 0.0452161 0.377337 0.20011
4.44 1.1963e-09 1.44371e-10 0.382005 0.0800449 0.382005 0.155946
4.56 1.14947e-09 2.6621e-10 0.367207 0.148448 0.367207 0.117139
4.68 1.00356e-09 4.91958e-10 0.32075 0.277327 0.32075 0.0811724
4.8 7.44032e-10 8.31377e-10 0.237947 0.475895 0.237947 0.0482114
4.92 4.54719e-10 1.17441e-09 0.145542 0.685354 0.145542 0.0235615
5.04 2.45584e-10 1.39343e-09 0.0786937 0.832543 0.0786937 0.0100696
5.16 1.29047e-10 1.48608e-09 0.0414109 0.913016 0.0414109 0.00416182
5.28 6.95085e-11 1.50416e-09 0.0223414 0.953532 0.0223414 0.00178496
5.4 3.88577e-11 1.48736e-09 0.0125093 0.974161 0.0125093 0.000820226
5.52 2.2555e-11 1.45819e-09 0.00727084 0.98505 0.00727084 0.00040774
5.64 1.38053e-11 1.42955e-09 0.00445468 0.990868 0.00445468 0.000222481
5.76 9.45554e-12 1.40926e-09 0.00305289 0.993753 0.00305289 0.000141195
5.88 8.09929e-12 1.40182e-09 0.00261546 0.994651 0.00261546 0.000117529
6 9.32017e-12 1.40874e-09 0.00300906 0.993842 0.00300906 0.000139157
6.12 1.34881e-11 1.42863e-09 0.00435199 0.991078 0.00435199 0.00021726
6.24 2.19396e-11 1.45718e-09 0.00707169 0.98546 0.00707169 0.000396016
6.36 3.76917e-11 1.48676e-09 0.0121323 0.974942 0.0121323 0.000793219
6.48 6.72464e-11 1.50484e-09 0.0216104 0.95506 0.0216104 0.00171916
6.6 1.24539e-10 1.48965e-09 0.0399551 0.916094 0.0399551 0.00399567
6.72 2.36803e-10 1.40261e-09 0.0758586 0.83862 0.0758586 0.00966301
6.84 4.40033e-10 1.1916e-09 0.140796 0.695694 0.140796 0.0227133
6.96 7.26827e-10 8.52916e-10 0.232361 0.48833 0.232361 0.046947
7.08 9.91009e-10 5.08888e-10 0.316619 0.286868 0.316619 0.0798947
7.2 1.14322e-09 2.75942e-10 0.365066 0.153831 0.365066 0.116037
7.32 1.19416e-09 1.49362e-10 0.381168 0.0827628 0.381168 0.154902
7.44 1.18225e-09 8.42319e-11 0.377214 0.0466003 0.377214 0.198971
7.56 1.13231e-09 4.962e-11 0.361146 0.027473 0.361146 0.250235
7.68 1.05705e-09 3.01448e-11 0.337017 0.0167 0.337017 0.309265
7.8 9.63964e-10 1.86337e-11 0.307227 0.0103041 0.307227 0.375241
7.92 8.59143e-10 1.16124e-11 0.27372 0.00638123 0.27372 0.446179
8.04 7.48488e-10 7.26375e-12 0.238376 0.00393887 0.238376 0.519308
8.16 6.37699e-10 4.56044e-12 0.203013 0.00241404 0.203013 0.59156
8.28 5.31795e-10 2.88612e-12 0.169228 0.00146636 0.169228 0.660078
8.4 4.34636e-10 1.85738e-12 0.138247 0.000882376 0.138247 0.722623
8.52 3.48679e-10 1.23178e-12 0.11085 0.00052617 0.11085 0.777774
8.64 2.75003e-10 8.5563e-13 0.0873768 0.000311181 0.0873768 0.824935
8.76 2.13565e-10 6.3211e-13 0.0678096 0.000182715 0.0678096 0.864198
8.88 1.63529e-10 5.00852e-13 0.0518799 0.000106635 0.0518799 0.896134
9 1.23605e-10 4.24702e-13 0.0391739 6.19288e-05 0.0391739 0.92159
9.12 9.23134e-11 3.8108e-13 0.0292189 3.58281e-05 0.0292189 0.941526
9.24 6.81736e-11 3.5644e-13 0.0215419 2.06706e-05 0.0215419 0.956895
9.36 4.98165e-11 3.42744e-13 0.0157062 1.19055e-05 0.0157062 0.968576
9.48 3.60407e-11 3.3528e-13 0.0113288 6.85374e-06 0.0113288 0.977336
9.6 2.58314e-11 3.31314e-13 0.00808599 3.94947e-06 0.00808599 0.983824
9.72 1.8355e-11 3.29278e-13 0.00571234 2.28293e-06 0.00571234 0.988573
9.84 1.29427e-11 3.28285e-13 0.00399488 1.3279e-06 0.00399488 0.992009
9.96 9.06836e-12 3.2784e-13 0.00276612 7.81126e-07 0.00276612 0.994467
10.08 6.32527e-12 3.27671e-13 0.00189664 4.68267e-07 0.00189664 0.996206
10.2 4.40387e-12 3.27633e-13 0.00128799 2.8932e-07 0.00128799 0.997424
10.32 3.07213e-12 3.2765e-13 0.000866427 1.86989e-07 0.000866427 0.998267
10.44 2.15858e-12 3.27687e-13 0.000577456 1.28479e-07 0.000577456 0.998845
10.56 1.53821e-12 3.27725e-13 0.000381381 9.5031e-08 0.000381381 0.999237
10.68 1.12107e-12 3.27758e-13 0.00024966 7.59142e-08 0.00024966 0.999501
10.8 8.43287e-13 3.27783e-13 0.000162031 6.49932e-08 0.000162031 0.999676
10.92 6.60056e-13 3.27803e-13 0.000104292 5.87591e-08 0.000104292 0.999791
11.04 5.40323e-13 3.27816e-13 6.66065e-05 5.52047e-08 6.66065e-05 0.999867
11.16 4.62827e-13 3.27826e-13 4.22463e-05 5.31822e-08 4.22463e-05 0.999915
11.28 4.13187e-13 3.27832e-13 2.66643e-05 5.20349e-08 2.66643e-05 0.999947
11.4 3.81807e-13 3.27837e-13 1.68284e-05 5.13878e-08 1.68284e-05 0.999966
11.52 3.62385e-13 3.27839e-13 1.07496e-05 5.1027e-08 1.07496e-05 0.999978
11.64 3.50888e-13 3.27841e-13 7.15615e-06 5.0832e-08 7.15615e-06 0.999986
11.76 3.44861e-13 3.27842e-13 5.2744e-06 5.07366e-08 5.2744e-06 0.999989
11.88 3.4299e-13 3.27842e-13 4.6905e-06 5.07081e-08 4.6905e-06 0.999991
