0 3.86312e-13 3.27835e-13 1.86888e-05 5.10127e-08 1.86888e-05 0.999963
0.12 3.93377e-13 3.27834e-13 2.09621e-05 5.11193e-08 2.09621e-05 0.999958
0.24 4.15229e-13 3.2783e-13 2.79961e-05 5.14633e-08 2.79961e-05 0.999944
0.36 4.55539e-13 3.27824e-13 4.0979e-05 5.21489e-08 4.0979e-05 0.999918
0.48 5.2142e-13 3.27814e-13 6.22135e-05 5.33892e-08 6.22135e-05 0.999875
0.6 6.24396e-13 3.27799e-13 9.54311e-05 5.55687e-08 9.54311e-05 0.999809
0.72 7.81979e-13 3.27776e-13 0.000146304 5.93593e-08 0.000146304 0.999707
0.84 1.01998e-12 3.27744e-13 0.000223197 6.5922e-08 0.000223197 0.999553
0.96 1.37575e-12 3.277e-13 0.000338216 7.7258e-08 0.000338216 0.999323
1.08 1.90256e-12 3.27639e-13 0.000508637 9.6814e-08 0.000508637 0.998982
1.2 2.67542e-12 3.2756e-13 0.000758798 1.30526e-07 0.000758798 0.998482
1.32 3.79869e-12 3.27464e-13 0.00112256 1.88618e-07 0.00112256 0.997755
1.44 5.4157e-12 3.27356e-13 0.00164646 2.88698e-07 0.00164646 0.996707
1.56 7.72081e-12 3.27259e-13 0.00239359 4.61083e-07 0.00239359 0.995212
1.68 1.09741e-11 3.2722e-13 0.00344845 7.57943e-07 0.00344845 0.993102
1.8 1.5519e-11 3.27342e-13 0.00492256 1.26896e-06 0.00492256 0.990154
1.92 2.18018e-11 3.27823e-13 0.00696098 2.14805e-06 0.00696098 0.986076
2.04 3.03942e-11 3.29031e-13 0.0097495 3.6588e-06 0.0097495 0.980498
2.16 4.20155e-11 3.31634e-13 0.0135219 6.25127e-06 0.0135219 0.97295
2.28 5.75525e-11 3.36817e-13 0.0185666 1.06907e-05 0.0185666 0.962856
2.4 7.80731e-11 3.46641e-13 0.0252307 1.82718e-05 0.0252307 0.949521
2.52 1.04824e-10 3.64636e-13 0.03392 3.11699e-05 0.03392 0.932129
2.64 1.39202e-10 3.96765e-13 0.0450887 5.30113e-05 0.0450887 0.90977
2.76 1.82683e-10 4.52951e-13 0.0592172 8.97792e-05 0.0592172 0.881476
2.88 2.36684e-10 5.4948e-13 0.0767674 0.00015123 0.0767674 0.846314
3 3.02358e-10 7.12661e-13 0.0981146 0.000253054 0.0981146 0.803518
3.12 3.80298e-10 9.84342e-13 0.123453 0.000420103 0.123453 0.752673
3.24 4.70205e-10 1.43006e-12 0.152688 0.00069112 0.152688 0.693933
3.36 5.70583e-10 2.15103e-12 0.185334 0.00112561 0.185334 0.628207
3.48 6.78573e-10 3.30207e-12 0.220462 0.00181394 0.220462 0.557261
3.6 7.90046e-10 5.11941e-12 0.256732 0.00289269 0.256732 0.483642
3.72 9.00002e-10 7.96686e-12 0.292518 0.00456988 0.292518 0.410393
3.84 1.00319e-09 1.24191e-11 0.326112 0.0071703 0.326112 0.340605
3.96 1.09473e-09 1.94265e-11 0.355925 0.0112262 0.355925 0.276923
4.08 1.17041e-09 3.06708e-11 0.380589 0.017677 0.380589 0.221144
4.2 1.22629e-09 4.93868e-11 0.398818 0.0283425 0.398818 0.174021
4.32 1.25694e-09 8.23039e-11 0.408844 0.04707 0.408844 0.135243
4.44 1.25128e-09 1.43971e-10 0.407058 0.0823573 0.407058 0.103527
4.56 1.18532e-09 2.63949e-10 0.385651 0.151926 0.385651 0.0767724
4.68 1.02039e-09 4.86093e-10 0.332037 0.283233 0.332037 0.052693
4.8 7.44329e-10 8.17631e-10 0.242242 0.484482 0.242242 0.0310336
4.92 4.46628e-10 1.14793e-09 0.145379 0.694169 0.145379 0.0150719
5.04 2.36785e-10 1.35537e-09 0.0770872 0.839389 0.0770872 0.00643574
5.16 1.22008e-10 1.44224e-09 0.0397247 0.917878 0.0397247 0.00267297
5.28 6.42886e-11 1.46006e-09 0.0209306 0.956982 0.0209306 0.0011568
5.4 3.51185e-11 1.44728e-09 0.0114299 0.976602 0.0114299 0.000538803
5.52 2.00268e-11 1.42568e-09 0.00651346 0.986698 0.00651346 0.000275356
5.64 1.23131e-11 1.40756e-09 0.00399973 0.991839 0.00399973 0.000161577
5.76 8.89721e-12 1.39986e-09 0.00288455 0.99411 0.00288455 0.000121094
5.88 8.43915e-12 1.40574e-09 0.00272892 0.994414 0.00272892 0.000128631
6 1.06015e-11 1.42525e-09 0.00341805 0.992979 0.00341805 0.000185621
6.12 1.58703e-11 1.45572e-09 0.00510072 0.989479 0.00510072 0.000320004
6.24 2.57881e-11 1.49194e-09 0.00826009 0.982871 0.00826009 0.00060927
6.36 4.37954e-11 1.52555e-09 0.0139765 0.970794 0.0139765 0.00125334
6.48 7.73228e-11 1.54274e-09 0.0245837 0.948052 0.0245837 0.00278072
6.6 1.42167e-10 1.51861e-09 0.0450422 0.903329 0.0450422 0.00658694
6.72 2.67776e-10 1.40926e-09 0.0845932 0.814779 0.0845932 0.0160349
6.84 4.86188e-10 1.16245e-09 0.153266 0.656355 0.153266 0.0371139
6.96 7.69209e-10 7.97969e-10 0.242127 0.441975 0.242127 0.073771
7.08 9.99889e-10 4.60391e-10 0.314405 0.251142 0.314405 0.120048
7.2 1.11219e-09 2.45906e-10 0.349426 0.132666 0.349426 0.168482
7.32 1.13079e-09 1.32406e-10 0.355016 0.0709584 0.355016 0.219009
7.44 1.09334e-09 7.42779e-11 0.343037 0.0396769 0.343037 0.274249
7.56 1.02262e-09 4.3346e-11 0.320657 0.0231072 0.320657 0.335578
7.68 9.3118e-10 2.5979e-11 0.291819 0.0138055 0.291819 0.402556
7.8 8.27409e-10 1.58035e-11 0.259154 0.00834375 0.259154 0.473348
7.92 7.18201e-10 9.68763e-12 0.224825 0.00505261 0.224825 0.545298
8.04 6.09583e-10 5.97036e-12 0.190716 0.00304843 0.190716 0.61552
8.16 5.06521e-10 3.70745e-12 0.158379 0.00182726 0.158379 0.681414
8.28 4.12638e-10 2.33563e-12 0.128944 0.00108695 0.128944 0.741024
8.4 3.30094e-10 1.51003e-12 0.103081 0.000641635 0.103081 0.793196
8.52 2.59715e-10 1.01746e-12 0.0810428 0.000376081 0.0810428 0.837538
8.64 2.01277e-10 7.26263e-13 0.0627537 0.000219062 0.0627537 0.874274
8.76 1.53849e-10 5.55711e-13 0.0479183 0.000126935 0.0479183 0.904036
8.88 1.16111e-10 4.56745e-13 0.0361202 7.32429e-05 0.0361202 0.927686
9 8.66008e-11 3.99862e-13 0.0268991 4.21259e-05 0.0268991 0.94616
9.12 6.38786e-11 3.67496e-13 0.0198029 2.41741e-05 0.0198029 0.96037
9.24 4.66282e-11 3.49284e-13 0.0144186 1.38545e-05 0.0144186 0.971149
9.36 3.37022e-11 3.3917e-13 0.0103864 7.93849e-06 0.0103864 0.979219
9.48 2.41357e-11 3.33641e-13 0.00740393 4.55381e-06 0.00740393 0.985188
9.6 1.71389e-11 3.30678e-13 0.00522403 2.62008e-06 0.00522403 0.989549
9.72 1.20798e-11 3.29132e-13 0.00364894 1.51634e-06 0.00364894 0.992701
9.84 8.46255e-12 3.28354e-13 0.00252356 8.86674e-07 0.00252356 0.994952
9.96 5.90425e-12 3.27985e-13 0.00172827 5.27541e-07 0.00172827 0.996543
10.08 4.11417e-12 3.27825e-13 0.00117227 3.22711e-07 0.00117227 0.997655
10.2 2.87472e-12 3.27769e-13 0.000787646 2.05868e-07 0.000787646 0.998425
10.32 2.02532e-12 3.2776e-13 0.000524325 1.392e-07 0.000524325 0.998951
10.44 1.44906e-12 3.2777e-13 0.000345872 1.01151e-07 0.000345872 0.999308
10.56 1.06195e-12 3.27785e-13 0.000226135 7.94303e-08 0.000226135 0.999548
10.68 8.044e-13 3.278e-13 0.000146573 6.7029e-08 0.000146573 0.999707
10.8 6.34658e-13 3.27813e-13 9.42093e-05 5.99489e-08 9.42093e-05 0.999812
10.92 5.23814e-13 3.27823e-13 6.00669e-05 5.59082e-08 6.00669e-05 0.99988
11.04 4.5209e-13 3.2783e-13 3.80105e-05 5.36039e-08 3.80105e-05 0.999924
11.16 4.06108e-13 3.27835e-13 2.38954e-05 5.22917e-08 2.38954e-05 0.999952
11.28 3.76927e-13 3.27838e-13 1.49545e-05 5.15464e-08 1.49545e-05 0.99997
11.4 3.58645e-13 3.2784e-13 9.36411e-06 5.11252e-08 9.36411e-06 0.999981
11.52 3.47428e-13 3.27842e-13 5.94093e-06 5.089e-08 5.94093e-06 0.999988
11.64 3.40844e-13 3.27843e-13 3.93539e-06 5.07626e-08 3.93539e-06 0.999992
11.76 3.37422e-13 3.27843e-13 2.89436e-06 5.07003e-08 2.89436e-06 0.999994
11.88 3.3637e-13 3.27843e-13 2.57463e-06 5.06817e-08 2.57463e-06 0.999995
