0 3.52423e-13 3.27841e-13 7.62653e-06 5.0821e-08 7.62653e-06 0.999985
0.12 3.55388e-13 3.2784e-13 8.55425e-06 5.08712e-08 8.55425e-06 0.999983
0.24 3.64911e-13 3.27839e-13 1.15358e-05 5.10386e-08 1.15358e-05 0.999977
0.36 3.82996e-13 3.27836e-13 1.72027e-05 5.13796e-08 1.72027e-05 0.999966
0.48 4.13363e-13 3.27832e-13 2.67302e-05 5.20073e-08 2.67302e-05 0.999946
0.6 4.62084e-13 3.27826e-13 4.20359e-05 5.31287e-08 4.20359e-05 0.999916
0.72 5.38561e-13 3.27816e-13 6.60924e-05 5.51098e-08 6.60924e-05 0.999868
0.84 6.56976e-13 3.27803e-13 0.000103388 5.85936e-08 0.000103388 0.999793
0.96 8.38361e-13 3.27783e-13 0.000160582 6.47046e-08 0.000160582 0.999679
1.08 1.11347e-12 3.27758e-13 0.000247422 7.54095e-08 0.000247422 0.999505
1.2 1.52673e-12 3.27724e-13 0.000377997 9.41462e-08 0.000377997 0.999244
1.32 2.14149e-12 3.27686e-13 0.00057241 1.26926e-07 0.00057241 0.998855
1.44 3.04695e-12 3.27648e-13 0.000858994 1.84257e-07 0.000858994 0.998282
1.56 4.36719e-12 3.27627e-13 0.00127717 2.84512e-07 0.00127717 0.997445
1.68 6.27243e-12 3.27659e-13 0.00188104 4.598e-07 0.00188104 0.996237
1.8 8.99306e-12 3.27817e-13 0.0027439 7.6621e-07 0.0027439 0.994511
1.92 1.28366e-11 3.28241e-13 0.00396358 1.30162e-06 0.00396358 0.992072
2.04 1.82071e-11 3.29196e-13 0.00566876 2.23664e-06 0.00566876 0.98866
2.16 2.56278e-11 3.31164e-13 0.00802602 3.86798e-06 0.00802602 0.983944
2.28 3.57637e-11 3.35009e-13 0.0112473 6.71043e-06 0.0112473 0.977499
2.4 4.94441e-11 3.42261e-13 0.0155968 1.16539e-05 0.0155968 0.968795
2.52 6.76798e-11 3.55585e-13 0.0213971 2.02297e-05 0.0213971 0.957185
2.64 9.16677e-11 3.79581e-13 0.0290298 3.50576e-05 0.0290298 0.941905
2.76 1.22774e-10 4.22091e-13 0.0389311 6.05877e-05 0.0389311 0.922077
2.88 1.62477e-10 4.96339e-13 0.0515735 0.000104312 0.0515735 0.896749
3 2.12259e-10 6.24366e-13 0.0674309 0.000178711 0.0674309 0.864959
3.12 2.73418e-10 8.42444e-13 0.0869195 0.00030433 0.0869195 0.825857
3.24 3.46806e-10 1.20949e-12 0.110313 0.000514535 0.110313 0.77886
3.36 4.32489e-10 1.82003e-12 0.137637 0.000862778 0.137637 0.723864
3.48 5.29417e-10 2.82399e-12 0.168559 0.00143363 0.168559 0.661448
3.6 6.35172e-10 4.45777e-12 0.202314 0.00235978 0.202314 0.593013
3.72 7.45927e-10 7.09473e-12 0.237683 0.00384939 0.237683 0.520785
3.84 8.56691e-10 1.13339e-11 0.273077 0.00623367 0.273077 0.447612
3.96 9.61786e-10 1.81709e-11 0.306688 0.0100588 0.306688 0.376566
4.08 1.05534e-09 2.93593e-11 0.33664 0.0162833 0.33664 0.310437
4.2 1.13134e-09 4.82368e-11 0.361012 0.026737 0.361012 0.251238
4.32 1.18247e-09 8.16692e-11 0.377468 0.0452269 0.377468 0.199837
4.44 1.19655e-09 1.44378e-10 0.382111 0.0800594 0.382111 0.15572
4.56 1.14964e-09 2.66213e-10 0.367285 0.148469 0.367285 0.116961
4.68 1.00364e-09 4.91949e-10 0.320798 0.277358 0.320798 0.081045
4.8 7.44042e-10 8.31333e-10 0.237966 0.475934 0.237966 0.0481335
4.92 4.54695e-10 1.17431e-09 0.145544 0.685389 0.145544 0.0235227
5.04 2.45557e-10 1.39329e-09 0.0786899 0.832567 0.0786899 0.010053
5.16 1.29025e-10 1.48591e-09 0.0414062 0.913033 0.0414062 0.00415507
5.28 6.94917e-11 1.50399e-09 0.0223371 0.953544 0.0223371 0.00178213
5.4 3.88451e-11 1.48721e-09 0.0125058 0.974169 0.0125058 0.000818967
5.52 2.25459e-11 1.45807e-09 0.00726814 0.985056 0.00726814 0.000407144
5.64 1.37994e-11 1.42945e-09 0.00445287 0.990872 0.00445287 0.000222195
5.76 9.45262e-12 1.40921e-09 0.00305198 0.993755 0.00305198 0.000141077
5.88 8.09925e-12 1.40182e-09 0.00261545 0.994651 0.00261545 0.000117528
6 9.32302e-12 1.40878e-09 0.00300994 0.993841 0.00300994 0.00013927
6.12 1.34939e-11 1.42873e-09 0.00435379 0.991075 0.00435379 0.000217539
6.24 2.19487e-11 1.45731e-09 0.0070744 0.985454 0.0070744 0.000396598
6.36 3.77045e-11 1.48691e-09 0.0121359 0.974934 0.0121359 0.000794446
6.48 6.72638e-11 1.50501e-09 0.0216149 0.955048 0.0216149 0.0017219
6.6 1.24562e-10 1.48981e-09 0.0399604 0.916077 0.0399604 0.00400223
6.72 2.36834e-10 1.40275e-09 0.0758638 0.838593 0.0758638 0.00967913
6.84 4.40064e-10 1.19169e-09 0.140797 0.695655 0.140797 0.0227511
6.96 7.26828e-10 8.5295e-10 0.232346 0.488284 0.232346 0.0470237
7.08 9.9094e-10 5.08889e-10 0.316574 0.28683 0.316574 0.0800209
7.2 1.14307e-09 2.75934e-10 0.36499 0.153806 0.36499 0.116214
7.32 1.19392e-09 1.49352e-10 0.381063 0.0827463 0.381063 0.155127
7.44 1.18193e-09 8.42224e-11 0.377084 0.0465885 0.377084 0.199244
7.56 1.13191e-09 4.96112e-11 0.360992 0.0274639 0.360992 0.250553
7.68 1.05658e-09 3.01371e-11 0.336842 0.0166929 0.336842 0.309623
7.8 9.6344e-10 1.86274e-11 0.307037 0.0102988 0.307037 0.375628
7.92 8.58586e-10 1.16075e-11 0.273521 0.00637721 0.273521 0.446581
8.04 7.47923e-10 7.2601e-12 0.238178 0.00393597 0.238178 0.519709
8.16 6.3715e-10 4.55784e-12 0.202822 0.00241201 0.202822 0.591943
8.28 5.31283e-10 2.88433e-12 0.169052 0.00146498 0.169052 0.660432
8.4 4.34178e-10 1.85619e-12 0.13809 0.000881459 0.13809 0.722938
8.52 3.48281e-10 1.23102e-12 0.110715 0.000525578 0.110715 0.778045
8.64 2.74668e-10 8.55158e-13 0.087263 0.000310806 0.087263 0.825163
8.76 2.13289e-10 6.31825e-13 0.0677164 0.000182482 0.0677164 0.864385
8.88 1.63307e-10 5.00685e-13 0.051805 0.000106493 0.051805 0.896284
9 1.2343e-10 4.24607e-13 0.0391149 6.18424e-05 0.0391149 0.921708
9.12 9.21771e-11 3.81029e-13 0.0291731 3.57763e-05 0.0291731 0.941618
9.24 6.80692e-11 3.56413e-13 0.0215069 2.06398e-05 0.0215069 0.956965
9.36 4.97376e-11 3.42731e-13 0.0156799 1.18874e-05 0.0156799 0.968628
9.48 3.59819e-11 3.35274e-13 0.0113091 6.84307e-06 0.0113091 0.977375
9.6 2.5788e-11 3.31312e-13 0.00807152 3.94322e-06 0.00807152 0.983853
9.72 1.83234e-11 3.29278e-13 0.00570182 2.27928e-06 0.00570182 0.988594
9.84 1.29199e-11 3.28286e-13 0.0039873 1.32578e-06 0.0039873 0.992024
9.96 9.05211e-12 3.27841e-13 0.00276073 7.79894e-07 0.00276073 0.994478
10.08 6.31381e-12 3.27672e-13 0.00189284 4.67553e-07 0.00189284 0.996214
10.2 4.39587e-12 3.27633e-13 0.00128535 2.88907e-07 0.00128535 0.997429
10.32 3.06661e-12 3.27651e-13 0.000864602 1.8675e-07 0.000864602 0.998271
10.44 2.15481e-12 3.27687e-13 0.000576209 1.28342e-07 0.000576209 0.998847
10.56 1.53565e-12 3.27725e-13 0.000380538 9.49516e-08 0.000380538 0.999239
10.68 1.11935e-12 3.27758e-13 0.000249095 7.58686e-08 0.000249095 0.999502
10.8 8.42147e-13 3.27783e-13 0.000161657 6.49672e-08 0.000161657 0.999677
10.92 6.59306e-13 3.27803e-13 0.000104045 5.87443e-08 0.000104045 0.999792
11.04 5.39833e-13 3.27816e-13 6.64458e-05 5.51964e-08 6.64458e-05 0.999867
11.16 4.62509e-13 3.27826e-13 4.21423e-05 5.31775e-08 4.21423e-05 0.999916
11.28 4.12982e-13 3.27832e-13 2.65974e-05 5.20323e-08 2.65974e-05 0.999947
11.4 3.81675e-13 3.27837e-13 1.67854e-05 5.13864e-08 1.67854e-05 0.999966
11.52 3.62299e-13 3.27839e-13 1.07217e-05 5.10263e-08 1.07217e-05 0.999979
11.64 3.5083e-13 3.27841e-13 7.13738e-06 5.08316e-08 7.13738e-06 0.999986
11.76 3.44818e-13 3.27842e-13 5.26049e-06 5.07364e-08 5.26049e-06 0.999989
11.88 3.42951e-13 3.27842e-13 4.67815e-06 5.0708e-08 4.67815e-06 0.999991
