0 3.52768e-13 3.27841e-13 7.73856e-06 5.08227e-08 7.73856e-06 0.999984
0.12 3.55775e-13 3.2784e-13 8.67995e-06 5.08734e-08 8.67995e-06 0.999983
0.24 3.65429e-13 3.27839e-13 1.17043e-05 5.10427e-08 1.17043e-05 0.999977
0.36 3.83757e-13 3.27836e-13 1.74509e-05 5.13872e-08 1.74509e-05 0.999965
0.48 4.14524e-13 3.27832e-13 2.71094e-05 5.20215e-08 2.71094e-05 0.999946
0.6 4.63871e-13 3.27826e-13 4.2621e-05 5.31546e-08 4.2621e-05 0.999915
0.72 5.41309e-13 3.27816e-13 6.69936e-05 5.51562e-08 6.69936e-05 0.999866
0.84 6.61177e-13 3.27802e-13 0.000104767 5.86757e-08 0.000104767 0.99979
0.96 8.44733e-13 3.27782e-13 0.000162678 6.4849e-08 0.000162678 0.999675
1.08 1.12306e-12 3.27756e-13 0.000250579 7.56617e-08 0.000250579 0.999499
1.2 1.54101e-12 3.27722e-13 0.000382707 9.45851e-08 0.000382707 0.999235
1.32 2.16256e-12 3.27683e-13 0.000579372 1.27687e-07 0.000579372 0.998841
1.44 3.07775e-12 3.27644e-13 0.000869182 1.85576e-07 0.000869182 0.998261
1.56 4.41176e-12 3.27622e-13 0.00129193 2.86791e-07 0.00129193 0.997416
1.68 6.33625e-12 3.27653e-13 0.00190221 4.63734e-07 0.00190221 0.996195
1.8 9.08352e-12 3.2781e-13 0.00277394 7.72987e-07 0.00277394 0.994451
1.92 1.29634e-11 3.28235e-13 0.00400577 1.31328e-06 0.00400577 0.991987
2.04 1.83831e-11 3.29194e-13 0.00572736 2.25664e-06 0.00572736 0.988543
2.16 2.58691e-11 3.31171e-13 0.00810651 3.90223e-06 0.00810651 0.983783
2.28 3.60909e-11 3.35037e-13 0.0113566 6.76888e-06 0.0113566 0.97728
2.4 4.98824e-11 3.42328e-13 0.0157435 1.17532e-05 0.0157435 0.968501
2.52 6.82597e-11 3.55728e-13 0.0215914 2.03977e-05 0.0215914 0.956797
2.64 9.24246e-11 3.79857e-13 0.029284 3.534e-05 0.029284 0.941396
2.76 1.23747e-10 4.22599e-13 0.0392588 6.10583e-05 0.0392588 0.921421
2.88 1.63709e-10 4.97237e-13 0.0519891 0.000105088 0.0519891 0.895917
3 2.13789e-10 6.25899e-13 0.0679486 0.000179977 0.0679486 0.863923
3.12 2.75279e-10 8.44982e-13 0.087551 0.000306363 0.087551 0.824592
3.24 3.49012e-10 1.21357e-12 0.111065 0.000517742 0.111065 0.777352
3.36 4.35031e-10 1.82638e-12 0.138508 0.000867729 0.138508 0.722117
3.48 5.32251e-10 2.83357e-12 0.169536 0.00144109 0.169536 0.659486
3.6 6.38215e-10 4.47167e-12 0.203372 0.00237071 0.203372 0.590886
3.72 7.49062e-10 7.11412e-12 0.238785 0.00386492 0.238785 0.518565
3.84 8.5978e-10 1.13598e-11 0.274179 0.00625505 0.274179 0.445386
3.96 9.64691e-10 1.82036e-11 0.307745 0.0100873 0.307745 0.374424
4.08 1.05794e-09 2.93983e-11 0.337612 0.0163201 0.337612 0.308456
4.2 1.13356e-09 4.82801e-11 0.36187 0.0267837 0.36187 0.249476
4.32 1.18426e-09 8.17125e-11 0.378195 0.0452864 0.378195 0.198324
4.44 1.1979e-09 1.44414e-10 0.382695 0.080139 0.382695 0.15447
4.56 1.15053e-09 2.66227e-10 0.367717 0.148585 0.367717 0.115981
4.68 1.00408e-09 4.91894e-10 0.321064 0.277531 0.321064 0.0803416
4.8 7.44097e-10 8.31091e-10 0.238074 0.476149 0.238074 0.0477036
4.92 4.54565e-10 1.17376e-09 0.145555 0.68558 0.145555 0.0233088
5.04 2.45408e-10 1.39248e-09 0.0786685 0.832702 0.0786685 0.00996153
5.16 1.28903e-10 1.48498e-09 0.0413796 0.913123 0.0413796 0.0041178
5.28 6.93981e-11 1.50306e-09 0.0223129 0.953608 0.0223129 0.00176654
5.4 3.87749e-11 1.48635e-09 0.0124859 0.974216 0.0124859 0.000812018
5.52 2.24956e-11 1.45735e-09 0.00725313 0.98509 0.00725313 0.000403856
5.64 1.37667e-11 1.42894e-09 0.00444287 0.990893 0.00444287 0.000220619
5.76 9.43655e-12 1.40894e-09 0.00304699 0.993765 0.00304699 0.00014043
5.88 8.09921e-12 1.40181e-09 0.00261544 0.994651 0.00261544 0.000117525
6 9.33907e-12 1.40905e-09 0.00301495 0.99383 0.00301495 0.000139909
6.12 1.35268e-11 1.42924e-09 0.00436388 0.991053 0.00436388 0.000219099
6.24 2.19999e-11 1.45802e-09 0.00708972 0.985421 0.00708972 0.000399851
6.36 3.77769e-11 1.48776e-09 0.0121566 0.974885 0.0121566 0.000801312
6.48 6.73631e-11 1.50593e-09 0.0216412 0.95498 0.0216412 0.00173729
6.6 1.24698e-10 1.49073e-09 0.039992 0.915977 0.039992 0.00403896
6.72 2.37016e-10 1.40353e-09 0.0758968 0.838437 0.0758968 0.0097694
6.84 4.4026e-10 1.19218e-09 0.140809 0.69542 0.140809 0.0229629
6.96 7.26864e-10 8.53101e-10 0.23227 0.488008 0.23227 0.0474518
7.08 9.90574e-10 5.08863e-10 0.316335 0.286605 0.316335 0.0807245
7.2 1.14221e-09 2.7587e-10 0.364573 0.153658 0.364573 0.117197
7.32 1.19259e-09 1.49289e-10 0.380486 0.0826496 0.380486 0.156379
7.44 1.18014e-09 8.41645e-11 0.37636 0.0465199 0.37636 0.20076
7.56 1.1297e-09 4.95597e-11 0.360135 0.0274121 0.360135 0.252317
7.68 1.05398e-09 3.00932e-11 0.335872 0.0166531 0.335872 0.311604
7.8 9.60534e-10 1.85917e-11 0.305982 0.0102685 0.305982 0.377768
7.92 8.55498e-10 1.15798e-11 0.272421 0.00635473 0.272421 0.448803
8.04 7.44793e-10 7.23957e-12 0.237079 0.00391977 0.237079 0.521923
8.16 6.34114e-10 4.54324e-12 0.201768 0.00240067 0.201768 0.594063
8.28 5.28459e-10 2.87434e-12 0.168079 0.00145728 0.168079 0.662385
8.4 4.31646e-10 1.84959e-12 0.137224 0.00087637 0.137224 0.724676
8.52 3.46084e-10 1.22679e-12 0.109967 0.000522293 0.109967 0.779544
8.64 2.72817e-10 8.52535e-13 0.0866355 0.00030873 0.0866355 0.82642
8.76 2.11768e-10 6.30244e-13 0.0672023 0.000181192 0.0672023 0.865414
8.88 1.62083e-10 4.9976e-13 0.0513926 0.000105703 0.0513926 0.897109
9 1.22463e-10 4.24083e-13 0.03879 6.13651e-05 0.03879 0.922359
9.12 9.14263e-11 3.80743e-13 0.0289212 3.54905e-05 0.0289212 0.942122
9.24 6.74945e-11 3.56265e-13 0.0213145 2.04701e-05 0.0213145 0.957351
9.36 4.93035e-11 3.4266e-13 0.0155347 1.17872e-05 0.0155347 0.968919
9.48 3.56581e-11 3.35245e-13 0.0112011 6.78422e-06 0.0112011 0.977591
9.6 2.55494e-11 3.31304e-13 0.007992 3.9088e-06 0.007992 0.984012
9.72 1.81495e-11 3.2928e-13 0.00564397 2.25921e-06 0.00564397 0.98871
9.84 1.27946e-11 3.28291e-13 0.00394569 1.31411e-06 0.00394569 0.992107
9.96 8.96287e-12 3.27847e-13 0.00273111 7.73115e-07 0.00273111 0.994537
10.08 6.2509e-12 3.27677e-13 0.00187199 4.63625e-07 0.00187199 0.996256
10.2 4.35198e-12 3.27638e-13 0.00127082 2.86634e-07 0.00127082 0.997458
10.32 3.0363e-12 3.27655e-13 0.000854584 1.85437e-07 0.000854584 0.998291
10.44 2.13409e-12 3.2769e-13 0.00056937 1.27584e-07 0.00056937 0.998861
10.56 1.52162e-12 3.27727e-13 0.000375915 9.45159e-08 0.000375915 0.999248
10.68 1.10995e-12 3.27759e-13 0.000246 7.56186e-08 0.000246 0.999508
10.8 8.359e-13 3.27784e-13 0.000159603 6.48242e-08 0.000159603 0.999681
10.92 6.55192e-13 3.27803e-13 0.000102695 5.8663e-08 0.000102695 0.999795
11.04 5.37148e-13 3.27817e-13 6.55657e-05 5.51505e-08 6.55657e-05 0.999869
11.16 4.60769e-13 3.27826e-13 4.15731e-05 5.31519e-08 4.15731e-05 0.999917
11.28 4.11861e-13 3.27833e-13 2.62313e-05 5.20183e-08 2.62313e-05 0.999947
11.4 3.80953e-13 3.27837e-13 1.65503e-05 5.13788e-08 1.65503e-05 0.999967
11.52 3.6183e-13 3.27839e-13 1.05692e-05 5.10224e-08 1.05692e-05 0.999979
11.64 3.50514e-13 3.27841e-13 7.03474e-06 5.08297e-08 7.03474e-06 0.999986
11.76 3.44583e-13 3.27842e-13 5.18449e-06 5.07355e-08 5.18449e-06 0.99999
11.88 3.42743e-13 3.27842e-13 4.6106e-06 5.07073e-08 4.6106e-06 0.999991
