0 3.52317e-13 3.27841e-13 7.59224e-06 5.08204e-08 7.59224e-06 0.999985
0.12 3.55269e-13 3.2784e-13 8.51577e-06 5.08705e-08 8.51577e-06 0.999983
0.24 3.64753e-13 3.27839e-13 1.14842e-05 5.10374e-08 1.14842e-05 0.999977
0.36 3.82763e-13 3.27836e-13 1.71267e-05 5.13772e-08 1.71267e-05 0.999966
0.48 4.13008e-13 3.27832e-13 2.66141e-05 5.20029e-08 2.66141e-05 0.999947
0.6 4.61537e-13 3.27826e-13 4.18567e-05 5.31207e-08 4.18567e-05 0.999916
0.72 5.37719e-13 3.27816e-13 6.58162e-05 5.50956e-08 6.58162e-05 0.999868
0.84 6.55688e-13 3.27803e-13 0.000102964 5.85684e-08 0.000102964 0.999794
0.96 8.36406e-13 3.27784e-13 0.000159939 6.46604e-08 0.000159939 0.99968
1.08 1.11053e-12 3.27758e-13 0.000246454 7.53322e-08 0.000246454 0.999507
1.2 1.52235e-12 3.27725e-13 0.000376551 9.40116e-08 0.000376551 0.999247
1.32 2.13501e-12 3.27687e-13 0.000570273 1.26692e-07 0.000570273 0.998859
1.44 3.03749e-12 3.27649e-13 0.000855864 1.83852e-07 0.000855864 0.998288
1.56 4.35349e-12 3.27628e-13 0.00127263 2.83812e-07 0.00127263 0.997454
1.68 6.2528e-12 3.27661e-13 0.00187453 4.58591e-07 0.00187453 0.99625
1.8 8.96524e-12 3.27819e-13 0.00273466 7.64126e-07 0.00273466 0.99453
1.92 1.27975e-11 3.28243e-13 0.0039506 1.29804e-06 0.0039506 0.992097
2.04 1.8153e-11 3.29197e-13 0.00565073 2.23048e-06 0.00565073 0.988696
2.16 2.55535e-11 3.31161e-13 0.00800123 3.85744e-06 0.00800123 0.983994
2.28 3.56629e-11 3.35001e-13 0.0112136 6.69244e-06 0.0112136 0.977566
2.4 4.9309e-11 3.4224e-13 0.0155516 1.16233e-05 0.0155516 0.968885
2.52 6.7501e-11 3.55541e-13 0.0213371 2.01779e-05 0.0213371 0.957305
2.64 9.14342e-11 3.79496e-13 0.0289514 3.49706e-05 0.0289514 0.942062
2.76 1.22473e-10 4.21934e-13 0.03883 6.04426e-05 0.03883 0.922279
2.88 1.62096e-10 4.96062e-13 0.0514452 0.000104072 0.0514452 0.897005
3 2.11786e-10 6.23893e-13 0.067271 0.00017832 0.067271 0.86528
3.12 2.72844e-10 8.41659e-13 0.0867244 0.000303702 0.0867244 0.826248
3.24 3.46123e-10 1.20823e-12 0.110081 0.000513543 0.110081 0.779325
3.36 4.31702e-10 1.81806e-12 0.137367 0.000861246 0.137367 0.724404
3.48 5.2854e-10 2.82102e-12 0.168257 0.00143132 0.168257 0.662055
3.6 6.34229e-10 4.45345e-12 0.201986 0.00235639 0.201986 0.593672
3.72 7.44955e-10 7.0887e-12 0.237341 0.00384456 0.237341 0.521473
3.84 8.55731e-10 1.13259e-11 0.272735 0.00622703 0.272735 0.448303
3.96 9.60883e-10 1.81607e-11 0.306359 0.01005 0.306359 0.377231
4.08 1.05453e-09 2.93471e-11 0.336338 0.0162718 0.336338 0.311053
4.2 1.13065e-09 4.82232e-11 0.360745 0.0267224 0.360745 0.251787
4.32 1.18191e-09 8.16555e-11 0.377242 0.0452083 0.377242 0.200308
4.44 1.19613e-09 1.44366e-10 0.381928 0.0800344 0.381928 0.156109
4.56 1.14936e-09 2.66208e-10 0.36715 0.148432 0.36715 0.117267
4.68 1.0035e-09 4.91965e-10 0.320716 0.277304 0.320716 0.0812645
4.8 7.44024e-10 8.31408e-10 0.237933 0.475867 0.237933 0.0482677
4.92 4.54735e-10 1.17448e-09 0.145541 0.685329 0.145541 0.0235895
5.04 2.45604e-10 1.39354e-09 0.0786965 0.832526 0.0786965 0.0100816
5.16 1.29062e-10 1.4862e-09 0.0414143 0.913005 0.0414143 0.0041667
5.28 6.95206e-11 1.50428e-09 0.0223445 0.953524 0.0223445 0.001787
5.4 3.88668e-11 1.48747e-09 0.0125119 0.974155 0.0125119 0.000821136
5.52 2.25616e-11 1.45829e-09 0.00727278 0.985046 0.00727278 0.00040817
5.64 1.38095e-11 1.42962e-09 0.00445598 0.990865 0.00445598 0.000222688
5.76 9.45765e-12 1.4093e-09 0.00305355 0.993751 0.00305355 0.00014128
5.88 8.09932e-12 1.40182e-09 0.00261547 0.994651 0.00261547 0.000117531
6 9.31813e-12 1.4087e-09 0.00300842 0.993844 0.00300842 0.000139075
6.12 1.34839e-11 1.42857e-09 0.0043507 0.991081 0.0043507 0.000217059
6.24 2.19331e-11 1.45709e-09 0.00706974 0.985465 0.00706974 0.000395597
6.36 3.76825e-11 1.48665e-09 0.0121296 0.974948 0.0121296 0.000792334
6.48 6.7234e-11 1.50472e-09 0.0216071 0.955069 0.0216071 0.00171717
6.6 1.24522e-10 1.48953e-09 0.0399513 0.916106 0.0399513 0.00399094
6.72 2.36782e-10 1.4025e-09 0.075855 0.838639 0.075855 0.0096514
6.84 4.40012e-10 1.19153e-09 0.140796 0.695722 0.140796 0.022686
6.96 7.26827e-10 8.5289e-10 0.232373 0.488363 0.232373 0.0468918
7.08 9.9106e-10 5.08886e-10 0.316651 0.286894 0.316651 0.0798036
7.2 1.14333e-09 2.75947e-10 0.365121 0.153848 0.365121 0.11591
7.32 1.19434e-09 1.49368e-10 0.381243 0.0827745 0.381243 0.154739
7.44 1.18248e-09 8.42386e-11 0.377308 0.0466088 0.377308 0.198774
7.56 1.1326e-09 4.96262e-11 0.361258 0.0274795 0.361258 0.250005
7.68 1.05739e-09 3.01502e-11 0.337144 0.016705 0.337144 0.309007
7.8 9.64342e-10 1.86382e-11 0.307365 0.010308 0.307365 0.374962
7.92 8.59546e-10 1.16159e-11 0.273863 0.00638412 0.273863 0.445889
8.04 7.48897e-10 7.26638e-12 0.23852 0.00394097 0.23852 0.519019
8.16 6.38096e-10 4.56232e-12 0.203151 0.00241551 0.203151 0.591282
8.28 5.32164e-10 2.88741e-12 0.169355 0.00146736 0.169355 0.659822
8.4 4.34968e-10 1.85823e-12 0.138361 0.000883037 0.138361 0.722395
8.52 3.48966e-10 1.23232e-12 0.110948 0.000526598 0.110948 0.777577
8.64 2.75246e-10 8.55971e-13 0.0874591 0.000311452 0.0874591 0.82477
8.76 2.13764e-10 6.32315e-13 0.0678771 0.000182883 0.0678771 0.864063
8.88 1.6369e-10 5.00973e-13 0.051934 0.000106739 0.051934 0.896025
9 1.23732e-10 4.2477e-13 0.0392166 6.19913e-05 0.0392166 0.921505
9.12 9.24121e-11 3.81118e-13 0.029252 3.58655e-05 0.029252 0.94146
9.24 6.82492e-11 3.56459e-13 0.0215672 2.06929e-05 0.0215672 0.956845
9.36 4.98735e-11 3.42753e-13 0.0157253 1.19187e-05 0.0157253 0.968537
9.48 3.60833e-11 3.35284e-13 0.011343 6.86146e-06 0.011343 0.977307
9.6 2.58628e-11 3.31315e-13 0.00809646 3.95399e-06 0.00809646 0.983803
9.72 1.83779e-11 3.29278e-13 0.00571996 2.28556e-06 0.00571996 0.988558
9.84 1.29592e-11 3.28284e-13 0.00400036 1.32944e-06 0.00400036 0.991998
9.96 9.08012e-12 3.27839e-13 0.00277002 7.82017e-07 0.00277002 0.994459
10.08 6.33356e-12 3.2767e-13 0.00189939 4.68784e-07 0.00189939 0.996201
10.2 4.40966e-12 3.27632e-13 0.00128991 2.89619e-07 0.00128991 0.99742
10.32 3.07613e-12 3.2765e-13 0.00086775 1.87162e-07 0.00086775 0.998264
10.44 2.16132e-12 3.27686e-13 0.000578359 1.28579e-07 0.000578359 0.998843
10.56 1.54006e-12 3.27724e-13 0.000381992 9.50884e-08 0.000381992 0.999236
10.68 1.12231e-12 3.27757e-13 0.000250069 7.59471e-08 0.000250069 0.9995
10.8 8.44113e-13 3.27783e-13 0.000162303 6.50121e-08 0.000162303 0.999675
10.92 6.606e-13 3.27802e-13 0.00010447 5.87698e-08 0.00010447 0.999791
11.04 5.40679e-13 3.27816e-13 6.67229e-05 5.52108e-08 6.67229e-05 0.999867
11.16 4.63057e-13 3.27826e-13 4.23217e-05 5.31856e-08 4.23217e-05 0.999915
11.28 4.13336e-13 3.27832e-13 2.67128e-05 5.20368e-08 2.67128e-05 0.999947
11.4 3.81902e-13 3.27837e-13 1.68595e-05 5.13888e-08 1.68595e-05 0.999966
11.52 3.62447e-13 3.27839e-13 1.07698e-05 5.10275e-08 1.07698e-05 0.999978
11.64 3.5093e-13 3.27841e-13 7.16975e-06 5.08322e-08 7.16975e-06 0.999986
11.76 3.44892e-13 3.27842e-13 5.28447e-06 5.07367e-08 5.28447e-06 0.999989
11.88 3.43017e-13 3.27842e-13 4.69946e-06 5.07082e-08 4.69946e-06 0.999991
