0 4.66957e-13 3.2782e-13 4.51122e-05 5.15633e-08 4.51122e-05 0.99991
0.12 4.83687e-13 3.27817e-13 5.05675e-05 5.1813e-08 5.05675e-05 0.999899
0.24 5.3058e-13 3.2781e-13 6.58621e-05 5.25456e-08 6.58621e-05 0.999869
0.36 6.118e-13 3.27796e-13 9.23638e-05 5.39202e-08 9.23638e-05 0.999816
0.48 7.37947e-13 3.27776e-13 0.000133546 5.62892e-08 0.000133546 0.999733
0.6 9.26643e-13 3.27747e-13 0.000195182 6.02828e-08 0.000195182 0.99961
0.72 1.20428e-12 3.27706e-13 0.000285919 6.69762e-08 0.000285919 0.999428
0.84 1.60886e-12 3.27648e-13 0.000418207 7.81839e-08 0.000418207 0.999164
0.96 2.19398e-12 3.27571e-13 0.000609618 9.6961e-08 0.000609618 0.998781
1.08 3.03425e-12 3.27468e-13 0.000884605 1.28456e-07 0.000884605 0.998231
1.2 4.23225e-12 3.27336e-13 0.0012768 1.81356e-07 0.0012768 0.997446
1.32 5.92744e-12 3.27176e-13 0.00183195 2.70331e-07 0.00183195 0.996336
1.44 8.30726e-12 3.26997e-13 0.00261151 4.20176e-07 0.00261151 0.994777
1.56 1.16206e-11 3.26826e-13 0.00369716 6.72817e-07 0.00369716 0.992605
1.68 1.6194e-11 3.26728e-13 0.00519598 1.09914e-06 0.00519598 0.989607
1.8 2.24498e-11 3.26833e-13 0.00724657 1.81892e-06 0.00724657 0.985505
1.92 3.09267e-11 3.27391e-13 0.0100257 3.03421e-06 0.0100257 0.979945
2.04 4.2301e-11 3.28862e-13 0.0137553 5.08514e-06 0.0137553 0.972484
2.16 5.74057e-11 3.32064e-13 0.0187088 8.54239e-06 0.0187088 0.962573
2.28 7.72448e-11 3.38427e-13 0.0252158 1.43591e-05 0.0252158 0.949554
2.4 1.02994e-10 3.50394e-13 0.0336621 2.4118e-05 0.0336621 0.932651
2.52 1.3598e-10 3.72081e-13 0.0444834 4.04273e-05 0.0444834 0.910992
2.64 1.77619e-10 4.10307e-13 0.0581446 6.75455e-05 0.0581446 0.883643
2.76 2.29303e-10 4.76206e-13 0.0751031 0.000112346 0.0751031 0.849681
2.88 2.92213e-10 5.87659e-13 0.0957466 0.00018578 0.0957466 0.808321
3 3.67052e-10 7.72921e-13 0.120307 0.000305026 0.120307 0.759081
3.12 4.53737e-10 1.07589e-12 0.148757 0.000496612 0.148757 0.70199
3.24 5.51082e-10 1.56375e-12 0.180709 0.000800851 0.180709 0.637782
3.36 6.56615e-10 2.33799e-12 0.215351 0.00127817 0.215351 0.568021
3.48 7.66607e-10 3.55093e-12 0.251459 0.0020184 0.251459 0.495063
3.6 8.76406e-10 5.43172e-12 0.287509 0.00315508 0.287509 0.421828
3.72 9.81022e-10 8.33033e-12 0.32186 0.00488951 0.32186 0.351392
3.84 1.07579e-09 1.27985e-11 0.352982 0.00753494 0.352982 0.286503
3.96 1.15687e-09 1.97516e-11 0.379612 0.0116067 0.379612 0.229171
4.08 1.22128e-09 3.08214e-11 0.400768 0.0180229 0.400768 0.180441
4.2 1.26617e-09 4.91739e-11 0.415521 0.028584 0.415521 0.140375
4.32 1.2869e-09 8.14513e-11 0.422339 0.0471422 0.422339 0.10818
4.44 1.27264e-09 1.4211e-10 0.41767 0.0822883 0.41767 0.0823719
4.56 1.199e-09 2.60662e-10 0.393509 0.152059 0.393509 0.0609222
4.68 1.02644e-09 4.80919e-10 0.336873 0.28449 0.336873 0.0417629
4.8 7.43058e-10 8.09454e-10 0.243861 0.487723 0.243861 0.0245551
4.92 4.41204e-10 1.13473e-09 0.144783 0.698539 0.144783 0.011896
5.04 2.31155e-10 1.33683e-09 0.0758379 0.843252 0.0758379 0.00507288
5.16 1.17624e-10 1.42074e-09 0.0385736 0.920744 0.0385736 0.00210896
5.28 6.11782e-11 1.4385e-09 0.0200482 0.958987 0.0200482 0.000916004
5.4 3.30261e-11 1.42822e-09 0.0108108 0.977948 0.0108108 0.000430473
5.52 1.8731e-11 1.4112e-09 0.00612177 0.98753 0.00612177 0.000225569
5.64 1.16628e-11 1.39916e-09 0.0038031 0.992252 0.0038031 0.0001413
5.76 8.80491e-12 1.39827e-09 0.00286207 0.994156 0.00286207 0.000119483
5.88 8.88063e-12 1.41085e-09 0.00287533 0.994105 0.00287533 0.000144016
6 1.16315e-11 1.43617e-09 0.00375019 0.992275 0.00375019 0.000224086
6.12 1.76651e-11 1.47106e-09 0.00567085 0.988258 0.00567085 0.000399885
6.24 2.87489e-11 1.50985e-09 0.00918686 0.98085 0.00918686 0.000776539
6.36 4.87999e-11 1.54358e-09 0.0155198 0.967335 0.0155198 0.00162554
6.48 8.62979e-11 1.55694e-09 0.0273157 0.9417 0.0273157 0.00366808
6.6 1.59084e-10 1.52178e-09 0.0501404 0.890924 0.0501404 0.0087952
6.72 2.9867e-10 1.38961e-09 0.0938168 0.790961 0.0938168 0.0214058
6.84 5.31664e-10 1.11182e-09 0.166599 0.618261 0.166599 0.0485414
6.96 8.09655e-10 7.34248e-10 0.253286 0.400628 0.253286 0.0927997
7.08 1.01271e-09 4.12611e-10 0.316426 0.221763 0.316426 0.145385
7.2 1.09699e-09 2.18572e-10 0.342433 0.116187 0.342433 0.198948
7.32 1.09575e-09 1.1778e-10 0.341769 0.0621761 0.341769 0.254285
7.44 1.04473e-09 6.61808e-11 0.325617 0.0347949 0.325617 0.313972
7.56 9.64625e-10 3.85903e-11 0.300443 0.0202204 0.300443 0.378894
7.68 8.67272e-10 2.30533e-11 0.269945 0.0120183 0.269945 0.448093
7.8 7.6096e-10 1.39585e-11 0.236704 0.00721176 0.236704 0.519381
7.92 6.52448e-10 8.51598e-12 0.202821 0.00433177 0.202821 0.590025
8.04 5.47331e-10 5.22962e-12 0.170035 0.00259187 0.170035 0.657338
8.16 4.49876e-10 3.24418e-12 0.139666 0.00154123 0.139666 0.719126
8.28 3.62878e-10 2.04992e-12 0.112577 0.0009101 0.112577 0.773935
8.4 2.87711e-10 1.33647e-12 0.0891891 0.000533749 0.0891891 0.821088
8.52 2.2457e-10 9.13632e-13 0.0695554 0.000311089 0.0695554 0.860578
8.64 1.72801e-10 6.65103e-13 0.0534678 0.000180348 0.0534678 0.892884
8.76 1.31235e-10 5.20236e-13 0.0405585 0.000104095 0.0405585 0.918779
8.88 9.84656e-11 4.36497e-13 0.0303872 5.98762e-05 0.0303872 0.939166
9 7.3045e-11 3.88507e-13 0.0225017 3.43549e-05 0.0225017 0.954962
9.12 5.36114e-11 3.61257e-13 0.0164771 1.96802e-05 0.0164771 0.967026
9.24 3.89531e-11 3.45943e-13 0.0119357 1.12667e-05 0.0119357 0.976117
9.36 2.80353e-11 3.37439e-13 0.00855544 6.45313e-06 0.00855544 0.982883
9.48 2.00006e-11 3.32787e-13 0.00606958 3.70337e-06 0.00606958 0.987857
9.6 1.41559e-11 3.30288e-13 0.0042626 2.13409e-06 0.0042626 0.991473
9.72 9.95169e-12 3.28978e-13 0.00296385 1.239e-06 0.00296385 0.994071
9.84 6.96068e-12 3.28315e-13 0.00204066 7.2857e-07 0.00204066 0.995918
9.96 4.85558e-12 3.27995e-13 0.00139149 4.37481e-07 0.00139149 0.997217
10.08 3.38954e-12 3.27853e-13 0.000939836 2.71443e-07 0.000939836 0.99812
10.2 2.3791e-12 3.27799e-13 0.000628868 1.76699e-07 0.000628868 0.998742
10.32 1.68971e-12 3.27786e-13 0.000416946 1.22616e-07 0.000416946 0.999166
10.44 1.22402e-12 3.27791e-13 0.000273965 9.1729e-08 0.000273965 0.999452
10.56 9.12484e-13 3.27801e-13 0.000178443 7.40831e-08 0.000178443 0.999643
10.68 7.06049e-13 3.27812e-13 0.000115237 6.39991e-08 0.000115237 0.999769
10.8 5.70522e-13 3.27821e-13 7.38063e-05 5.8236e-08 7.38063e-05 0.999852
10.92 4.82351e-13 3.27828e-13 4.68985e-05 5.49431e-08 4.68985e-05 0.999906
11.04 4.25502e-13 3.27834e-13 2.95814e-05 5.30627e-08 2.95814e-05 0.999941
11.16 3.89181e-13 3.27837e-13 1.85396e-05 5.19903e-08 1.85396e-05 0.999963
11.28 3.66206e-13 3.2784e-13 1.15697e-05 5.13803e-08 1.15697e-05 0.999977
11.4 3.51856e-13 3.27841e-13 7.22618e-06 5.10349e-08 7.22618e-06 0.999985
11.52 3.43077e-13 3.27842e-13 4.57478e-06 5.08417e-08 4.57478e-06 0.999991
11.64 3.37938e-13 3.27843e-13 3.02589e-06 5.07369e-08 3.02589e-06 0.999994
11.76 3.35274e-13 3.27843e-13 2.22403e-06 5.06856e-08 2.22403e-06 0.999996
11.88 3.34457e-13 3.27844e-13 1.97842e-06 5.06703e-08 1.97842e-06 0.999996
