0 3.52488e-13 3.27841e-13 7.64761e-06 5.08213e-08 7.64761e-06 0.999985
0.12 3.55461e-13 3.2784e-13 8.5779e-06 5.08716e-08 8.5779e-06 0.999983
0.24 3.65009e-13 3.27839e-13 1.15675e-05 5.10394e-08 1.15675e-05 0.999977
0.36 3.83139e-13 3.27836e-13 1.72494e-05 5.1381e-08 1.72494e-05 0.999965
0.48 4.13582e-13 3.27832e-13 2.68016e-05 5.201e-08 2.68016e-05 0.999946
0.6 4.62421e-13 3.27826e-13 4.21461e-05 5.31335e-08 4.21461e-05 0.999916
0.72 5.39079e-13 3.27816e-13 6.62621e-05 5.51186e-08 6.62621e-05 0.999867
0.84 6.57768e-13 3.27803e-13 0.000103647 5.86091e-08 0.000103647 0.999793
0.96 8.39562e-13 3.27783e-13 0.000160976 6.47318e-08 0.000160976 0.999678
1.08 1.11528e-12 3.27757e-13 0.000248017 7.5457e-08 0.000248017 0.999504
1.2 1.52942e-12 3.27724e-13 0.000378885 9.42289e-08 0.000378885 0.999242
1.32 2.14546e-12 3.27685e-13 0.000573723 1.27069e-07 0.000573723 0.998852
1.44 3.05276e-12 3.27647e-13 0.000860916 1.84505e-07 0.000860916 0.998278
1.56 4.3756e-12 3.27626e-13 0.00127995 2.84942e-07 0.00127995 0.99744
1.68 6.28447e-12 3.27658e-13 0.00188503 4.60542e-07 0.00188503 0.996229
1.8 9.01014e-12 3.27815e-13 0.00274957 7.67488e-07 0.00274957 0.9945
1.92 1.28605e-11 3.2824e-13 0.00397154 1.30382e-06 0.00397154 0.992056
2.04 1.82404e-11 3.29196e-13 0.00567983 2.24041e-06 0.00567983 0.988638
2.16 2.56734e-11 3.31165e-13 0.00804122 3.87445e-06 0.00804122 0.983914
2.28 3.58255e-11 3.35014e-13 0.0112679 6.72147e-06 0.0112679 0.977457
2.4 4.9527e-11 3.42274e-13 0.0156246 1.16726e-05 0.0156246 0.968739
2.52 6.77894e-11 3.55612e-13 0.0214338 2.02614e-05 0.0214338 0.957112
2.64 9.18108e-11 3.79633e-13 0.0290779 3.5111e-05 0.0290779 0.941809
2.76 1.22958e-10 4.22187e-13 0.038993 6.06767e-05 0.038993 0.921953
2.88 1.6271e-10 4.96509e-13 0.0516521 0.000104459 0.0516521 0.896591
3 2.12548e-10 6.24657e-13 0.0675288 0.000178951 0.0675288 0.864763
3.12 2.73771e-10 8.42924e-13 0.087039 0.000304715 0.087039 0.825617
3.24 3.47223e-10 1.21027e-12 0.110455 0.000515142 0.110455 0.778574
3.36 4.32971e-10 1.82123e-12 0.137802 0.000863716 0.137802 0.723533
3.48 5.29955e-10 2.82581e-12 0.168745 0.00143505 0.168745 0.661076
3.6 6.35749e-10 4.46041e-12 0.202514 0.00236186 0.202514 0.59261
3.72 7.46522e-10 7.09841e-12 0.237892 0.00385234 0.237892 0.520364
3.84 8.57277e-10 1.13388e-11 0.273287 0.00623773 0.273287 0.447189
3.96 9.62338e-10 1.81771e-11 0.306888 0.0100643 0.306888 0.376159
4.08 1.05584e-09 2.93667e-11 0.336825 0.0162903 0.336825 0.31006
4.2 1.13176e-09 4.82451e-11 0.361175 0.0267459 0.361175 0.250903
4.32 1.18281e-09 8.16775e-11 0.377606 0.0452382 0.377606 0.199549
4.44 1.1968e-09 1.44385e-10 0.382222 0.0800746 0.382222 0.155482
4.56 1.14981e-09 2.66216e-10 0.367367 0.148491 0.367367 0.116775
4.68 1.00372e-09 4.91939e-10 0.320849 0.277391 0.320849 0.0809111
4.8 7.44053e-10 8.31288e-10 0.237987 0.475975 0.237987 0.0480516
4.92 4.54671e-10 1.17421e-09 0.145547 0.685425 0.145547 0.023482
5.04 2.45529e-10 1.39313e-09 0.0786859 0.832593 0.0786859 0.0100356
5.16 1.29002e-10 1.48573e-09 0.0414012 0.91305 0.0414012 0.00414797
5.28 6.9474e-11 1.50381e-09 0.0223325 0.953556 0.0223325 0.00177916
5.4 3.88318e-11 1.48704e-09 0.012502 0.974178 0.012502 0.000817644
5.52 2.25364e-11 1.45793e-09 0.00726529 0.985063 0.00726529 0.000406518
5.64 1.37932e-11 1.42936e-09 0.00445097 0.990876 0.00445097 0.000221895
5.76 9.44956e-12 1.40916e-09 0.00305103 0.993757 0.00305103 0.000140954
5.88 8.09922e-12 1.40182e-09 0.00261544 0.994651 0.00261544 0.000117526
6 9.32603e-12 1.40884e-09 0.00301088 0.993839 0.00301088 0.000139391
6.12 1.35001e-11 1.42882e-09 0.00435568 0.991071 0.00435568 0.000217833
6.24 2.19583e-11 1.45745e-09 0.00707728 0.985448 0.00707728 0.000397213
6.36 3.77181e-11 1.48707e-09 0.0121398 0.974925 0.0121398 0.000795743
6.48 6.72822e-11 1.50518e-09 0.0216198 0.955036 0.0216198 0.00172481
6.6 1.24587e-10 1.48999e-09 0.0399661 0.916059 0.0399661 0.00400916
6.72 2.36867e-10 1.4029e-09 0.0758695 0.838565 0.0758695 0.00969615
6.84 4.40098e-10 1.19179e-09 0.140798 0.695612 0.140798 0.0227911
6.96 7.26831e-10 8.52984e-10 0.23233 0.488235 0.23233 0.0471046
7.08 9.90868e-10 5.08888e-10 0.316528 0.28679 0.316528 0.0801541
7.2 1.1429e-09 2.75924e-10 0.36491 0.153779 0.36491 0.1164
7.32 1.19367e-09 1.49341e-10 0.380953 0.0827286 0.380953 0.155365
7.44 1.18159e-09 8.4212e-11 0.376946 0.0465758 0.376946 0.199532
7.56 1.13149e-09 4.96017e-11 0.360829 0.0274543 0.360829 0.250888
7.68 1.05609e-09 3.0129e-11 0.336658 0.0166855 0.336658 0.309999
7.8 9.62888e-10 1.86207e-11 0.306836 0.0102931 0.306836 0.376034
7.92 8.57999e-10 1.16023e-11 0.273312 0.00637297 0.273312 0.447003
8.04 7.47328e-10 7.25623e-12 0.237969 0.00393291 0.237969 0.52013
8.16 6.36572e-10 4.55508e-12 0.202622 0.00240986 0.202622 0.592346
8.28 5.30746e-10 2.88244e-12 0.168867 0.00146352 0.168867 0.660803
8.4 4.33696e-10 1.85494e-12 0.137925 0.000880494 0.137925 0.723269
8.52 3.47862e-10 1.23022e-12 0.110572 0.000524954 0.110572 0.778331
8.64 2.74315e-10 8.54661e-13 0.0871434 0.000310412 0.0871434 0.825403
8.76 2.12999e-10 6.31525e-13 0.0676183 0.000182236 0.0676183 0.864581
8.88 1.63074e-10 5.0051e-13 0.0517263 0.000106342 0.0517263 0.896441
9 1.23245e-10 4.24508e-13 0.0390529 6.17516e-05 0.0390529 0.921832
9.12 9.20339e-11 3.80975e-13 0.029125 3.57219e-05 0.029125 0.941714
9.24 6.79595e-11 3.56385e-13 0.0214702 2.06075e-05 0.0214702 0.957039
9.36 4.96547e-11 3.42718e-13 0.0156521 1.18683e-05 0.0156521 0.968684
9.48 3.59201e-11 3.35269e-13 0.0112885 6.83185e-06 0.0112885 0.977416
9.6 2.57425e-11 3.31311e-13 0.00805633 3.93666e-06 0.00805633 0.983883
9.72 1.82902e-11 3.29278e-13 0.00569076 2.27545e-06 0.00569076 0.988616
9.84 1.2896e-11 3.28287e-13 0.00397935 1.32355e-06 0.00397935 0.99204
9.96 9.03506e-12 3.27842e-13 0.00275507 7.786e-07 0.00275507 0.994489
10.08 6.30178e-12 3.27673e-13 0.00188885 4.66803e-07 0.00188885 0.996222
10.2 4.38748e-12 3.27634e-13 0.00128257 2.88472e-07 0.00128257 0.997435
10.32 3.06081e-12 3.27652e-13 0.000862686 1.86499e-07 0.000862686 0.998274
10.44 2.15084e-12 3.27688e-13 0.000574901 1.28197e-07 0.000574901 0.99885
10.56 1.53296e-12 3.27725e-13 0.000379653 9.48684e-08 0.000379653 0.999241
10.68 1.11755e-12 3.27758e-13 0.000248503 7.58208e-08 0.000248503 0.999503
10.8 8.40951e-13 3.27784e-13 0.000161263 6.49398e-08 0.000161263 0.999677
10.92 6.58518e-13 3.27803e-13 0.000103787 5.87287e-08 0.000103787 0.999792
11.04 5.39319e-13 3.27816e-13 6.62772e-05 5.51876e-08 6.62772e-05 0.999867
11.16 4.62176e-13 3.27826e-13 4.20333e-05 5.31726e-08 4.20333e-05 0.999916
11.28 4.12768e-13 3.27832e-13 2.65273e-05 5.20297e-08 2.65273e-05 0.999947
11.4 3.81537e-13 3.27837e-13 1.67403e-05 5.13849e-08 1.67403e-05 0.999966
11.52 3.62209e-13 3.27839e-13 1.06925e-05 5.10255e-08 1.06925e-05 0.999979
11.64 3.50769e-13 3.27841e-13 7.1177e-06 5.08313e-08 7.1177e-06 0.999986
11.76 3.44773e-13 3.27842e-13 5.24592e-06 5.07362e-08 5.24592e-06 0.999989
11.88 3.42911e-13 3.27842e-13 4.6652e-06 5.07078e-08 4.6652e-06 0.999991
