0 3.62424e-13 3.27839e-13 1.0882e-05 5.08736e-08 1.0882e-05 0.999978
0.12 3.66601e-13 3.27839e-13 1.22066e-05 5.094e-08 1.22066e-05 0.999976
0.24 3.79874e-13 3.27837e-13 1.64175e-05 5.11596e-08 1.64175e-05 0.999967
0.36 4.04862e-13 3.27833e-13 2.43509e-05 5.16045e-08 2.43509e-05 0.999951
0.48 4.46474e-13 3.27827e-13 3.75758e-05 5.24207e-08 3.75758e-05 0.999925
0.6 5.12693e-13 3.27817e-13 5.8643e-05 5.38738e-08 5.8643e-05 0.999883
0.72 6.1579e-13 3.27804e-13 9.14781e-05 5.64326e-08 9.14781e-05 0.999817
0.84 7.74129e-13 3.27784e-13 0.000141958 6.09162e-08 0.000141958 0.999716
0.96 1.0147e-12 3.27756e-13 0.000218725 6.87522e-08 0.000218725 0.999562
1.08 1.37661e-12 3.27718e-13 0.000334314 8.24258e-08 0.000334314 0.999331
1.2 1.91584e-12 3.27669e-13 0.000506665 1.06263e-07 0.000506665 0.998986
1.32 2.71144e-12 3.2761e-13 0.000761142 1.47792e-07 0.000761142 0.998477
1.44 3.87374e-12 3.27547e-13 0.00113314 2.20113e-07 0.00113314 0.997733
1.56 5.55463e-12 3.27498e-13 0.00167144 3.46021e-07 0.00167144 0.996657
1.68 7.96054e-12 3.27503e-13 0.00244233 5.65146e-07 0.00244233 0.995115
1.8 1.13681e-11 3.27646e-13 0.00353468 9.46345e-07 0.00353468 0.99293
1.92 1.61426e-11 3.28089e-13 0.00506593 1.60909e-06 0.00506593 0.989867
2.04 2.27594e-11 3.29137e-13 0.00718886 2.76034e-06 0.00718886 0.98562
2.16 3.18264e-11 3.31345e-13 0.010099 4.75762e-06 0.010099 0.979797
2.28 4.41074e-11 3.35706e-13 0.0140421 8.21664e-06 0.0140421 0.971908
2.4 6.05412e-11 3.43966e-13 0.0193202 1.41931e-05 0.0193202 0.961346
2.52 8.2253e-11 3.59154e-13 0.0262956 2.44872e-05 0.0262956 0.947385
2.64 1.10546e-10 3.8645e-13 0.0353881 4.21475e-05 0.0353881 0.929182
2.76 1.46866e-10 4.34606e-13 0.0470632 7.22929e-05 0.0470632 0.905802
2.88 1.9271e-10 5.18227e-13 0.0618039 0.000123431 0.0618039 0.876269
3 2.49475e-10 6.61345e-13 0.0800609 0.00020953 0.0800609 0.839669
3.12 3.18221e-10 9.02963e-13 0.102177 0.000353219 0.102177 0.795292
3.24 3.99361e-10 1.30546e-12 0.128289 0.000590608 0.128289 0.742832
3.36 4.92317e-10 1.96727e-12 0.158211 0.000978494 0.158211 0.682599
3.48 5.9523e-10 3.04199e-12 0.19135 0.00160509 0.19135 0.615695
3.6 7.04835e-10 4.76809e-12 0.226656 0.00260641 0.226656 0.544082
3.72 8.16621e-10 7.51751e-12 0.262679 0.00419271 0.262679 0.470449
3.84 9.25267e-10 1.18818e-11 0.297709 0.00669507 0.297709 0.397887
3.96 1.02525e-09 1.884e-11 0.329966 0.0106568 0.329966 0.32941
4.08 1.11132e-09 3.01181e-11 0.357757 0.017032 0.357757 0.267453
4.2 1.17834e-09 4.90127e-11 0.379429 0.0276514 0.379429 0.21349
4.32 1.21989e-09 8.23344e-11 0.392911 0.0463474 0.392911 0.16783
4.44 1.22438e-09 1.44729e-10 0.394461 0.0815192 0.394461 0.129559
4.56 1.16795e-09 2.65886e-10 0.376385 0.15061 0.376385 0.0966201
4.68 1.01243e-09 4.9001e-10 0.32637 0.280686 0.32637 0.066575
4.8 7.44726e-10 8.25437e-10 0.240163 0.480325 0.240163 0.0393493
4.92 4.51397e-10 1.16202e-09 0.145641 0.689551 0.145641 0.0191677
5.04 2.41875e-10 1.37541e-09 0.0780899 0.83563 0.0780899 0.00818985
5.16 1.26049e-10 1.46538e-09 0.0407264 0.915153 0.0407264 0.00339411
5.28 6.72463e-11 1.48336e-09 0.021744 0.95505 0.021744 0.00146241
5.4 3.71965e-11 1.46833e-09 0.0120349 0.975254 0.0120349 0.000676083
5.52 2.13947e-11 1.44247e-09 0.00692443 0.985812 0.00692443 0.000339653
5.64 1.30839e-11 1.41847e-09 0.00423421 0.991342 0.00423421 0.000190357
5.76 9.13739e-12 1.40386e-09 0.00295519 0.993961 0.00295519 0.000129008
5.88 8.1703e-12 1.4026e-09 0.00263936 0.994602 0.00263936 0.000119757
6 9.79037e-12 1.41555e-09 0.00315784 0.993528 0.00315784 0.000156601
6.12 1.44006e-11 1.44069e-09 0.00463632 0.99047 0.00463632 0.000257621
6.24 2.33929e-11 1.47326e-09 0.0075152 0.98449 0.0075152 0.000479823
6.36 3.98945e-11 1.50538e-09 0.0127849 0.973459 0.0127849 0.000971755
6.48 7.06456e-11 1.52414e-09 0.02258 0.952716 0.02258 0.00212462
6.6 1.30054e-10 1.5069e-09 0.0414618 0.912102 0.0414618 0.00497426
6.72 2.45891e-10 1.41336e-09 0.0782182 0.831492 0.0782182 0.0120717
6.84 4.52933e-10 1.1908e-09 0.143837 0.684047 0.143837 0.0282791
6.96 7.37559e-10 8.41878e-10 0.233947 0.474303 0.233947 0.057802
7.08 9.89704e-10 4.96941e-10 0.313656 0.275694 0.313656 0.0969933
7.2 1.12696e-09 2.6789e-10 0.356913 0.146982 0.356913 0.139191
7.32 1.1648e-09 1.44495e-10 0.368687 0.0787771 0.368687 0.183848
7.44 1.14166e-09 8.1146e-11 0.361174 0.0441336 0.361174 0.233519
7.56 1.0819e-09 4.75111e-11 0.342101 0.0258255 0.342101 0.289973
7.68 9.98435e-10 2.8638e-11 0.315561 0.0155483 0.315561 0.35333
7.8 8.994e-10 1.75456e-11 0.284129 0.00948807 0.284129 0.422253
7.92 7.91471e-10 1.08351e-11 0.249919 0.00580691 0.249919 0.494356
8.04 6.80802e-10 6.7205e-12 0.214873 0.0035417 0.214873 0.566712
8.16 5.72902e-10 4.19068e-12 0.18073 0.00214536 0.18073 0.636394
8.28 4.7221e-10 2.64136e-12 0.148889 0.00128876 0.148889 0.700934
8.4 3.81791e-10 1.69977e-12 0.120312 0.00076756 0.120312 0.758607
8.52 3.03283e-10 1.13296e-12 0.0955129 0.000453446 0.0955129 0.808521
8.64 2.37073e-10 7.95238e-13 0.0746085 0.000265939 0.0746085 0.850517
8.76 1.82623e-10 5.96121e-13 0.0574246 0.000155 0.0574246 0.884996
8.88 1.38804e-10 4.79953e-13 0.0436021 8.98771e-05 0.0436021 0.912706
9 1.042e-10 4.12904e-13 0.0326913 5.19033e-05 0.0326913 0.934566
9.12 7.73246e-11 3.74641e-13 0.0242211 2.98824e-05 0.0242211 0.951528
9.24 5.67611e-11 3.53075e-13 0.0177432 1.71692e-05 0.0177432 0.964497
9.36 4.12413e-11 3.41094e-13 0.0128565 9.85505e-06 0.0128565 0.974277
9.48 2.96773e-11 3.34554e-13 0.00921719 5.65826e-06 0.00921719 0.98156
9.6 2.11651e-11 3.31062e-13 0.00653974 3.25489e-06 0.00653974 0.986917
9.72 1.49721e-11 3.29253e-13 0.00459293 1.88048e-06 0.00459293 0.990812
9.84 1.05175e-11 3.28355e-13 0.00319343 1.09523e-06 0.00319343 0.993612
9.96 7.34857e-12 3.27939e-13 0.00219852 6.46838e-07 0.00219852 0.995602
10.08 5.11865e-12 3.27767e-13 0.00149892 3.9088e-07 0.00149892 0.997002
10.2 3.56611e-12 3.27715e-13 0.0010122 2.44785e-07 0.0010122 0.997975
10.32 2.49639e-12 3.27715e-13 0.000677137 1.61395e-07 0.000677137 0.998646
10.44 1.76686e-12 3.27735e-13 0.000448831 1.13794e-07 0.000448831 0.999102
10.56 1.27427e-12 3.2776e-13 0.000294833 8.66216e-08 0.000294833 0.99941
10.68 9.44926e-13 3.27782e-13 0.000191978 7.11109e-08 0.000191978 0.999616
10.8 7.26816e-13 3.27801e-13 0.000123944 6.22593e-08 0.000123944 0.999752
10.92 5.83724e-13 3.27814e-13 7.93667e-05 5.72106e-08 7.93667e-05 0.999841
11.04 4.90714e-13 3.27824e-13 5.04328e-05 5.43338e-08 5.04328e-05 0.999899
11.16 4.30827e-13 3.27831e-13 3.18312e-05 5.26973e-08 3.18312e-05 0.999936
11.28 3.92661e-13 3.27836e-13 1.9996e-05 5.1769e-08 1.9996e-05 0.99996
11.4 3.68654e-13 3.27839e-13 1.25641e-05 5.12452e-08 1.25641e-05 0.999975
11.52 3.53868e-13 3.27841e-13 7.99468e-06 5.09531e-08 7.99468e-06 0.999984
11.64 3.45158e-13 3.27842e-13 5.30707e-06 5.07951e-08 5.30707e-06 0.999989
11.76 3.40614e-13 3.27843e-13 3.90677e-06 5.07179e-08 3.90677e-06 0.999992
11.88 3.39211e-13 3.27843e-13 3.4749e-06 5.06949e-08 3.4749e-06 0.999993
