0 3.52316e-13 3.27841e-13 7.59185e-06 5.08204e-08 7.59185e-06 0.999985
0.12 3.55268e-13 3.2784e-13 8.51533e-06 5.08705e-08 8.51533e-06 0.999983
0.24 3.64751e-13 3.27839e-13 1.14836e-05 5.10374e-08 1.14836e-05 0.999977
0.36 3.8276e-13 3.27836e-13 1.71259e-05 5.13772e-08 1.71259e-05 0.999966
0.48 4.13004e-13 3.27832e-13 2.66127e-05 5.20029e-08 2.66127e-05 0.999947
0.6 4.61531e-13 3.27826e-13 4.18546e-05 5.31206e-08 4.18546e-05 0.999916
0.72 5.37709e-13 3.27816e-13 6.5813e-05 5.50955e-08 6.5813e-05 0.999868
0.84 6.55673e-13 3.27803e-13 0.00010296 5.85681e-08 0.00010296 0.999794
0.96 8.36384e-13 3.27784e-13 0.000159931 6.46599e-08 0.000159931 0.99968
1.08 1.1105e-12 3.27758e-13 0.000246443 7.53313e-08 0.000246443 0.999507
1.2 1.5223e-12 3.27725e-13 0.000376535 9.401e-08 0.000376535 0.999247
1.32 2.13494e-12 3.27687e-13 0.000570248 1.26689e-07 0.000570248 0.998859
1.44 3.03738e-12 3.27649e-13 0.000855828 1.83847e-07 0.000855828 0.998288
1.56 4.35334e-12 3.27628e-13 0.00127258 2.83804e-07 0.00127258 0.997455
1.68 6.25257e-12 3.27661e-13 0.00187446 4.58577e-07 0.00187446 0.996251
1.8 8.96491e-12 3.27819e-13 0.00273455 7.64102e-07 0.00273455 0.99453
1.92 1.27971e-11 3.28243e-13 0.00395045 1.298e-06 0.00395045 0.992098
2.04 1.81524e-11 3.29197e-13 0.00565052 2.23041e-06 0.00565052 0.988697
2.16 2.55526e-11 3.31161e-13 0.00800095 3.85732e-06 0.00800095 0.983994
2.28 3.56617e-11 3.35001e-13 0.0112132 6.69223e-06 0.0112132 0.977567
2.4 4.93075e-11 3.4224e-13 0.0155511 1.16229e-05 0.0155511 0.968886
2.52 6.74989e-11 3.55541e-13 0.0213364 2.01773e-05 0.0213364 0.957307
2.64 9.14315e-11 3.79495e-13 0.0289505 3.49696e-05 0.0289505 0.942064
2.76 1.2247e-10 4.21932e-13 0.0388288 6.04409e-05 0.0388288 0.922282
2.88 1.62092e-10 4.96059e-13 0.0514437 0.000104069 0.0514437 0.897008
3 2.1178e-10 6.23887e-13 0.0672691 0.000178316 0.0672691 0.865283
3.12 2.72837e-10 8.41649e-13 0.0867221 0.000303695 0.0867221 0.826252
3.24 3.46116e-10 1.20822e-12 0.110078 0.000513532 0.110078 0.779331
3.36 4.31693e-10 1.81804e-12 0.137364 0.000861228 0.137364 0.72441
3.48 5.2853e-10 2.82099e-12 0.168253 0.00143129 0.168253 0.662062
3.6 6.34219e-10 4.4534e-12 0.201982 0.00235635 0.201982 0.593679
3.72 7.44944e-10 7.08863e-12 0.237337 0.00384451 0.237337 0.521481
3.84 8.5572e-10 1.13258e-11 0.272731 0.00622695 0.272731 0.448311
3.96 9.60872e-10 1.81606e-11 0.306356 0.0100499 0.306356 0.377239
4.08 1.05452e-09 2.93469e-11 0.336334 0.0162717 0.336334 0.31106
4.2 1.13064e-09 4.82231e-11 0.360742 0.0267223 0.360742 0.251793
4.32 1.18191e-09 8.16553e-11 0.377239 0.0452081 0.377239 0.200313
4.44 1.19612e-09 1.44366e-10 0.381926 0.0800341 0.381926 0.156113
4.56 1.14935e-09 2.66208e-10 0.367149 0.148432 0.367149 0.117271
4.68 1.0035e-09 4.91965e-10 0.320715 0.277303 0.320715 0.0812671
4.8 7.44024e-10 8.31409e-10 0.237932 0.475866 0.237932 0.0482693
4.92 4.54736e-10 1.17448e-09 0.145541 0.685328 0.145541 0.0235903
5.04 2.45604e-10 1.39354e-09 0.0786965 0.832525 0.0786965 0.0100819
5.16 1.29063e-10 1.4862e-09 0.0414144 0.913004 0.0414144 0.00416684
5.28 6.95209e-11 1.50428e-09 0.0223446 0.953524 0.0223446 0.00178706
5.4 3.8867e-11 1.48748e-09 0.012512 0.974155 0.012512 0.000821161
5.52 2.25617e-11 1.45829e-09 0.00727284 0.985046 0.00727284 0.000408182
5.64 1.38096e-11 1.42962e-09 0.00445602 0.990865 0.00445602 0.000222693
5.76 9.45771e-12 1.4093e-09 0.00305357 0.993751 0.00305357 0.000141282
5.88 8.09932e-12 1.40182e-09 0.00261547 0.994651 0.00261547 0.000117531
6 9.31807e-12 1.4087e-09 0.00300841 0.993844 0.00300841 0.000139072
6.12 1.34838e-11 1.42856e-09 0.00435067 0.991081 0.00435067 0.000217053
6.24 2.19329e-11 1.45709e-09 0.00706968 0.985465 0.00706968 0.000395585
6.36 3.76823e-11 1.48664e-09 0.0121296 0.974948 0.0121296 0.000792309
6.48 6.72337e-11 1.50471e-09 0.021607 0.955069 0.021607 0.00171712
6.6 1.24521e-10 1.48952e-09 0.0399512 0.916107 0.0399512 0.00399081
6.72 2.36781e-10 1.4025e-09 0.0758549 0.838639 0.0758549 0.00965108
6.84 4.40011e-10 1.19153e-09 0.140796 0.695723 0.140796 0.0226852
6.96 7.26827e-10 8.52889e-10 0.232373 0.488364 0.232373 0.0468902
7.08 9.91062e-10 5.08886e-10 0.316652 0.286895 0.316652 0.0798011
7.2 1.14334e-09 2.75947e-10 0.365122 0.153849 0.365122 0.115906
7.32 1.19434e-09 1.49368e-10 0.381245 0.0827749 0.381245 0.154734
7.44 1.18249e-09 8.42388e-11 0.377311 0.0466091 0.377311 0.198769
7.56 1.13261e-09 4.96264e-11 0.361261 0.0274797 0.361261 0.249999
7.68 1.0574e-09 3.01504e-11 0.337147 0.0167052 0.337147 0.309
7.8 9.64353e-10 1.86383e-11 0.307369 0.0103081 0.307369 0.374954
7.92 8.59557e-10 1.1616e-11 0.273867 0.0063842 0.273867 0.445881
8.04 7.48908e-10 7.26645e-12 0.238524 0.00394102 0.238524 0.519011
8.16 6.38106e-10 4.56238e-12 0.203155 0.00241555 0.203155 0.591275
8.28 5.32174e-10 2.88745e-12 0.169359 0.00146739 0.169359 0.659815
8.4 4.34977e-10 1.85825e-12 0.138364 0.000883056 0.138364 0.722389
8.52 3.48974e-10 1.23234e-12 0.110951 0.00052661 0.110951 0.777572
8.64 2.75252e-10 8.5598e-13 0.0874614 0.00031146 0.0874614 0.824766
8.76 2.1377e-10 6.32321e-13 0.067879 0.000182888 0.067879 0.864059
8.88 1.63694e-10 5.00976e-13 0.0519355 0.000106741 0.0519355 0.896022
9 1.23735e-10 4.24772e-13 0.0392178 6.1993e-05 0.0392178 0.921502
9.12 9.24148e-11 3.81119e-13 0.0292529 3.58665e-05 0.0292529 0.941458
9.24 6.82512e-11 3.5646e-13 0.0215679 2.06935e-05 0.0215679 0.956843
9.36 4.98751e-11 3.42753e-13 0.0157259 1.1919e-05 0.0157259 0.968536
9.48 3.60845e-11 3.35284e-13 0.0113434 6.86168e-06 0.0113434 0.977306
9.6 2.58637e-11 3.31315e-13 0.00809675 3.95411e-06 0.00809675 0.983803
9.72 1.83785e-11 3.29278e-13 0.00572017 2.28564e-06 0.00572017 0.988557
9.84 1.29596e-11 3.28284e-13 0.00400052 1.32948e-06 0.00400052 0.991998
9.96 9.08044e-12 3.27839e-13 0.00277013 7.82042e-07 0.00277013 0.994459
10.08 6.33379e-12 3.2767e-13 0.00189946 4.68798e-07 0.00189946 0.996201
10.2 4.40982e-12 3.27632e-13 0.00128996 2.89627e-07 0.00128996 0.99742
10.32 3.07624e-12 3.2765e-13 0.000867786 1.87167e-07 0.000867786 0.998264
10.44 2.16139e-12 3.27686e-13 0.000578384 1.28582e-07 0.000578384 0.998843
10.56 1.54011e-12 3.27724e-13 0.000382009 9.509e-08 0.000382009 0.999236
10.68 1.12234e-12 3.27757e-13 0.000250081 7.59481e-08 0.000250081 0.9995
10.8 8.44135e-13 3.27783e-13 0.00016231 6.50126e-08 0.00016231 0.999675
10.92 6.60615e-13 3.27802e-13 0.000104475 5.87701e-08 0.000104475 0.999791
11.04 5.40689e-13 3.27816e-13 6.67262e-05 5.52109e-08 6.67262e-05 0.999867
11.16 4.63064e-13 3.27826e-13 4.23238e-05 5.31857e-08 4.23238e-05 0.999915
11.28 4.1334e-13 3.27832e-13 2.67142e-05 5.20368e-08 2.67142e-05 0.999947
11.4 3.81905e-13 3.27837e-13 1.68604e-05 5.13888e-08 1.68604e-05 0.999966
11.52 3.62448e-13 3.27839e-13 1.07703e-05 5.10275e-08 1.07703e-05 0.999978
11.64 3.50931e-13 3.27841e-13 7.17013e-06 5.08322e-08 7.17013e-06 0.999986
11.76 3.44893e-13 3.27842e-13 5.28475e-06 5.07367e-08 5.28475e-06 0.999989
11.88 3.43018e-13 3.27842e-13 4.6997e-06 5.07082e-08 4.6997e-06 0.999991
