0 3.52402e-13 3.27841e-13 7.61956e-06 5.08209e-08 7.61956e-06 0.999985
0.12 3.55364e-13 3.2784e-13 8.54642e-06 5.0871e-08 8.54642e-06 0.999983
0.24 3.64879e-13 3.27839e-13 1.15253e-05 5.10384e-08 1.15253e-05 0.999977
0.36 3.82948e-13 3.27836e-13 1.71873e-05 5.13791e-08 1.71873e-05 0.999966
0.48 4.13291e-13 3.27832e-13 2.67066e-05 5.20064e-08 2.67066e-05 0.999947
0.6 4.61973e-13 3.27826e-13 4.19995e-05 5.3127e-08 4.19995e-05 0.999916
0.72 5.3839e-13 3.27816e-13 6.60363e-05 5.5107e-08 6.60363e-05 0.999868
0.84 6.56714e-13 3.27803e-13 0.000103302 5.85885e-08 0.000103302 0.999793
0.96 8.37964e-13 3.27783e-13 0.000160451 6.46956e-08 0.000160451 0.999679
1.08 1.11288e-12 3.27758e-13 0.000247226 7.53938e-08 0.000247226 0.999506
1.2 1.52584e-12 3.27725e-13 0.000377703 9.41189e-08 0.000377703 0.999245
1.32 2.14017e-12 3.27686e-13 0.000571976 1.26878e-07 0.000571976 0.998856
1.44 3.04503e-12 3.27648e-13 0.000858358 1.84174e-07 0.000858358 0.998283
1.56 4.36441e-12 3.27627e-13 0.00127624 2.84369e-07 0.00127624 0.997447
1.68 6.26844e-12 3.27659e-13 0.00187972 4.59554e-07 0.00187972 0.99624
1.8 8.98741e-12 3.27817e-13 0.00274202 7.65786e-07 0.00274202 0.994515
1.92 1.28286e-11 3.28241e-13 0.00396094 1.3009e-06 0.00396094 0.992077
2.04 1.81961e-11 3.29196e-13 0.0056651 2.23539e-06 0.0056651 0.988668
2.16 2.56127e-11 3.31163e-13 0.00802098 3.86584e-06 0.00802098 0.983954
2.28 3.57432e-11 3.35007e-13 0.0112404 6.70678e-06 0.0112404 0.977512
2.4 4.94167e-11 3.42256e-13 0.0155877 1.16477e-05 0.0155877 0.968813
2.52 6.76435e-11 3.55576e-13 0.0213849 2.02191e-05 0.0213849 0.95721
2.64 9.16203e-11 3.79564e-13 0.0290139 3.504e-05 0.0290139 0.941937
2.76 1.22713e-10 4.22059e-13 0.0389106 6.05582e-05 0.0389106 0.922118
2.88 1.62399e-10 4.96283e-13 0.0515474 0.000104263 0.0515474 0.896801
3 2.12163e-10 6.2427e-13 0.0673984 0.000178632 0.0673984 0.865024
3.12 2.73302e-10 8.42284e-13 0.0868799 0.000304203 0.0868799 0.825936
3.24 3.46667e-10 1.20924e-12 0.110266 0.000514334 0.110266 0.778954
3.36 4.32329e-10 1.81963e-12 0.137582 0.000862467 0.137582 0.723974
3.48 5.29239e-10 2.82339e-12 0.168498 0.00143316 0.168498 0.661571
3.6 6.34981e-10 4.45689e-12 0.202247 0.00235909 0.202247 0.593147
3.72 7.4573e-10 7.09351e-12 0.237614 0.00384841 0.237614 0.520925
3.84 8.56496e-10 1.13323e-11 0.273008 0.00623233 0.273008 0.447752
3.96 9.61603e-10 1.81688e-11 0.306621 0.010057 0.306621 0.376701
4.08 1.05518e-09 2.93568e-11 0.336579 0.016281 0.336579 0.310562
4.2 1.1312e-09 4.82341e-11 0.360958 0.0267341 0.360958 0.25135
4.32 1.18236e-09 8.16664e-11 0.377422 0.0452231 0.377422 0.199932
4.44 1.19646e-09 1.44375e-10 0.382074 0.0800543 0.382074 0.155798
4.56 1.14958e-09 2.66212e-10 0.367258 0.148462 0.367258 0.117023
4.68 1.00361e-09 4.91952e-10 0.320782 0.277347 0.320782 0.0810895
4.8 7.44039e-10 8.31349e-10 0.23796 0.47592 0.23796 0.0481607
4.92 4.54704e-10 1.17435e-09 0.145544 0.685377 0.145544 0.0235363
5.04 2.45567e-10 1.39334e-09 0.0786912 0.832559 0.0786912 0.0100588
5.16 1.29032e-10 1.48597e-09 0.0414078 0.913027 0.0414078 0.00415742
5.28 6.94976e-11 1.50405e-09 0.0223386 0.95354 0.0223386 0.00178312
5.4 3.88495e-11 1.48726e-09 0.012507 0.974166 0.012507 0.000819407
5.52 2.25491e-11 1.45811e-09 0.00726908 0.985054 0.00726908 0.000407352
5.64 1.38014e-11 1.42949e-09 0.0044535 0.99087 0.0044535 0.000222295
5.76 9.45364e-12 1.40923e-09 0.0030523 0.993754 0.0030523 0.000141118
5.88 8.09926e-12 1.40182e-09 0.00261545 0.994651 0.00261545 0.000117528
6 9.32202e-12 1.40877e-09 0.00300964 0.993841 0.00300964 0.000139231
6.12 1.34919e-11 1.42869e-09 0.00435316 0.991076 0.00435316 0.000217441
6.24 2.19455e-11 1.45727e-09 0.00707345 0.985456 0.00707345 0.000396395
6.36 3.77e-11 1.48686e-09 0.0121346 0.974937 0.0121346 0.000794017
6.48 6.72577e-11 1.50495e-09 0.0216133 0.955052 0.0216133 0.00172094
6.6 1.24554e-10 1.48976e-09 0.0399586 0.916083 0.0399586 0.00399994
6.72 2.36823e-10 1.4027e-09 0.0758619 0.838603 0.0758619 0.0096735
6.84 4.40053e-10 1.19166e-09 0.140797 0.695669 0.140797 0.0227379
6.96 7.26827e-10 8.52938e-10 0.232351 0.488301 0.232351 0.0469969
7.08 9.90964e-10 5.08889e-10 0.31659 0.286844 0.31659 0.0799768
7.2 1.14312e-09 2.75936e-10 0.365017 0.153815 0.365017 0.116152
7.32 1.19401e-09 1.49355e-10 0.3811 0.0827521 0.3811 0.155048
7.44 1.18204e-09 8.42257e-11 0.377129 0.0465926 0.377129 0.199149
7.56 1.13205e-09 4.96143e-11 0.361046 0.0274671 0.361046 0.250442
7.68 1.05674e-09 3.01398e-11 0.336903 0.0166954 0.336903 0.309498
7.8 9.63623e-10 1.86296e-11 0.307103 0.0103006 0.307103 0.375493
7.92 8.5878e-10 1.16092e-11 0.27359 0.00637862 0.27359 0.446441
8.04 7.4812e-10 7.26137e-12 0.238247 0.00393699 0.238247 0.519569
8.16 6.37342e-10 4.55875e-12 0.202889 0.00241272 0.202889 0.591809
8.28 5.31462e-10 2.88496e-12 0.169113 0.00146546 0.169113 0.660308
8.4 4.34338e-10 1.85661e-12 0.138145 0.000881779 0.138145 0.722828
8.52 3.4842e-10 1.23128e-12 0.110762 0.000525785 0.110762 0.77795
8.64 2.74785e-10 8.55323e-13 0.0873027 0.000310937 0.0873027 0.825084
8.76 2.13385e-10 6.31925e-13 0.0677489 0.000182563 0.0677489 0.86432
8.88 1.63384e-10 5.00744e-13 0.0518311 0.000106543 0.0518311 0.896231
9 1.23491e-10 4.2464e-13 0.0391355 6.18726e-05 0.0391355 0.921667
9.12 9.22247e-11 3.81047e-13 0.0291891 3.57944e-05 0.0291891 0.941586
9.24 6.81056e-11 3.56422e-13 0.0215191 2.06506e-05 0.0215191 0.956941
9.36 4.97651e-11 3.42736e-13 0.0156891 1.18937e-05 0.0156891 0.96861
9.48 3.60024e-11 3.35276e-13 0.011316 6.84679e-06 0.011316 0.977361
9.6 2.58032e-11 3.31313e-13 0.00807657 3.9454e-06 0.00807657 0.983843
9.72 1.83344e-11 3.29278e-13 0.00570549 2.28055e-06 0.00570549 0.988587
9.84 1.29278e-11 3.28286e-13 0.00398995 1.32652e-06 0.00398995 0.992019
9.96 9.05778e-12 3.2784e-13 0.00276261 7.80324e-07 0.00276261 0.994474
10.08 6.31781e-12 3.27671e-13 0.00189417 4.67802e-07 0.00189417 0.996211
10.2 4.39866e-12 3.27633e-13 0.00128627 2.89051e-07 0.00128627 0.997427
10.32 3.06854e-12 3.27651e-13 0.000865239 1.86833e-07 0.000865239 0.998269
10.44 2.15612e-12 3.27687e-13 0.000576644 1.2839e-07 0.000576644 0.998847
10.56 1.53654e-12 3.27725e-13 0.000380832 9.49793e-08 0.000380832 0.999238
10.68 1.11995e-12 3.27758e-13 0.000249292 7.58845e-08 0.000249292 0.999501
10.8 8.42545e-13 3.27783e-13 0.000161787 6.49763e-08 0.000161787 0.999676
10.92 6.59568e-13 3.27803e-13 0.000104131 5.87494e-08 0.000104131 0.999792
11.04 5.40004e-13 3.27816e-13 6.65018e-05 5.51993e-08 6.65018e-05 0.999867
11.16 4.6262e-13 3.27826e-13 4.21786e-05 5.31791e-08 4.21786e-05 0.999916
11.28 4.13054e-13 3.27832e-13 2.66208e-05 5.20332e-08 2.66208e-05 0.999947
11.4 3.81721e-13 3.27837e-13 1.68004e-05 5.13869e-08 1.68004e-05 0.999966
11.52 3.62329e-13 3.27839e-13 1.07314e-05 5.10265e-08 1.07314e-05 0.999978
11.64 3.5085e-13 3.27841e-13 7.14392e-06 5.08317e-08 7.14392e-06 0.999986
11.76 3.44833e-13 3.27842e-13 5.26534e-06 5.07365e-08 5.26534e-06 0.999989
11.88 3.42965e-13 3.27842e-13 4.68245e-06 5.0708e-08 4.68245e-06 0.999991
