0 3.52321e-13 3.27841e-13 7.59348e-06 5.08205e-08 7.59348e-06 0.999985
0.12 3.55274e-13 3.2784e-13 8.51716e-06 5.08705e-08 8.51716e-06 0.999983
0.24 3.64759e-13 3.27839e-13 1.1486e-05 5.10374e-08 1.1486e-05 0.999977
0.36 3.82771e-13 3.27836e-13 1.71295e-05 5.13773e-08 1.71295e-05 0.999966
0.48 4.13021e-13 3.27832e-13 2.66183e-05 5.20031e-08 2.66183e-05 0.999947
0.6 4.61557e-13 3.27826e-13 4.18632e-05 5.3121e-08 4.18632e-05 0.999916
0.72 5.37749e-13 3.27816e-13 6.58261e-05 5.50961e-08 6.58261e-05 0.999868
0.84 6.55734e-13 3.27803e-13 0.00010298 5.85693e-08 0.00010298 0.999794
0.96 8.36477e-13 3.27784e-13 0.000159962 6.4662e-08 0.000159962 0.99968
1.08 1.11064e-12 3.27758e-13 0.000246489 7.53349e-08 0.000246489 0.999507
1.2 1.52251e-12 3.27725e-13 0.000376603 9.40164e-08 0.000376603 0.999247
1.32 2.13525e-12 3.27687e-13 0.00057035 1.267e-07 0.00057035 0.998859
1.44 3.03783e-12 3.27649e-13 0.000855977 1.83866e-07 0.000855977 0.998288
1.56 4.35399e-12 3.27628e-13 0.00127279 2.83837e-07 0.00127279 0.997454
1.68 6.25351e-12 3.27661e-13 0.00187476 4.58635e-07 0.00187476 0.99625
1.8 8.96624e-12 3.27819e-13 0.00273499 7.64201e-07 0.00273499 0.994529
1.92 1.27989e-11 3.28243e-13 0.00395107 1.29817e-06 0.00395107 0.992097
2.04 1.81549e-11 3.29197e-13 0.00565137 2.23071e-06 0.00565137 0.988695
2.16 2.55562e-11 3.31162e-13 0.00800213 3.85782e-06 0.00800213 0.983992
2.28 3.56665e-11 3.35001e-13 0.0112148 6.69309e-06 0.0112148 0.977564
2.4 4.93139e-11 3.42241e-13 0.0155533 1.16244e-05 0.0155533 0.968882
2.52 6.75075e-11 3.55543e-13 0.0213393 2.01798e-05 0.0213393 0.957301
2.64 9.14426e-11 3.79499e-13 0.0289542 3.49737e-05 0.0289542 0.942056
2.76 1.22484e-10 4.21939e-13 0.0388336 6.04478e-05 0.0388336 0.922272
2.88 1.6211e-10 4.96072e-13 0.0514498 0.000104081 0.0514498 0.896996
3 2.11803e-10 6.2391e-13 0.0672767 0.000178334 0.0672767 0.865268
3.12 2.72864e-10 8.41687e-13 0.0867314 0.000303725 0.0867314 0.826233
3.24 3.46148e-10 1.20828e-12 0.110089 0.000513579 0.110089 0.779309
3.36 4.31731e-10 1.81813e-12 0.137377 0.000861301 0.137377 0.724385
3.48 5.28572e-10 2.82113e-12 0.168268 0.0014314 0.168268 0.662033
3.6 6.34263e-10 4.45361e-12 0.201998 0.00235651 0.201998 0.593648
3.72 7.4499e-10 7.08892e-12 0.237353 0.00384474 0.237353 0.521449
3.84 8.55766e-10 1.13262e-11 0.272748 0.00622727 0.272748 0.448278
3.96 9.60915e-10 1.8161e-11 0.306371 0.0100503 0.306371 0.377207
4.08 1.05456e-09 2.93475e-11 0.336349 0.0162722 0.336349 0.31103
4.2 1.13067e-09 4.82237e-11 0.360755 0.0267229 0.360755 0.251767
4.32 1.18193e-09 8.1656e-11 0.37725 0.0452089 0.37725 0.200291
4.44 1.19614e-09 1.44366e-10 0.381935 0.0800353 0.381935 0.156095
4.56 1.14937e-09 2.66208e-10 0.367155 0.148434 0.367155 0.117256
4.68 1.00351e-09 4.91964e-10 0.320719 0.277306 0.320719 0.0812566
4.8 7.44025e-10 8.31406e-10 0.237934 0.475869 0.237934 0.0482629
4.92 4.54734e-10 1.17448e-09 0.145541 0.685331 0.145541 0.0235871
5.04 2.45602e-10 1.39353e-09 0.0786962 0.832527 0.0786962 0.0100806
5.16 1.29061e-10 1.48619e-09 0.041414 0.913006 0.041414 0.00416628
5.28 6.95196e-11 1.50427e-09 0.0223443 0.953525 0.0223443 0.00178682
5.4 3.8866e-11 1.48746e-09 0.0125117 0.974155 0.0125117 0.000821057
5.52 2.2561e-11 1.45828e-09 0.00727262 0.985046 0.00727262 0.000408133
5.64 1.38091e-11 1.42961e-09 0.00445587 0.990865 0.00445587 0.00022267
5.76 9.45747e-12 1.4093e-09 0.00305349 0.993751 0.00305349 0.000141273
5.88 8.09932e-12 1.40182e-09 0.00261547 0.994651 0.00261547 0.000117531
6 9.3183e-12 1.4087e-09 0.00300848 0.993844 0.00300848 0.000139082
6.12 1.34842e-11 1.42857e-09 0.00435081 0.991081 0.00435081 0.000217076
6.24 2.19337e-11 1.4571e-09 0.00706991 0.985464 0.00706991 0.000395633
6.36 3.76833e-11 1.48666e-09 0.0121299 0.974948 0.0121299 0.00079241
6.48 6.72351e-11 1.50473e-09 0.0216074 0.955068 0.0216074 0.00171735
6.6 1.24523e-10 1.48954e-09 0.0399517 0.916105 0.0399517 0.00399135
6.72 2.36783e-10 1.40251e-09 0.0758553 0.838637 0.0758553 0.0096524
6.84 4.40014e-10 1.19153e-09 0.140796 0.69572 0.140796 0.0226883
6.96 7.26827e-10 8.52892e-10 0.232372 0.48836 0.232372 0.0468965
7.08 9.91056e-10 5.08886e-10 0.316648 0.286892 0.316648 0.0798114
7.2 1.14333e-09 2.75947e-10 0.365116 0.153847 0.365116 0.115921
7.32 1.19432e-09 1.49368e-10 0.381237 0.0827735 0.381237 0.154753
7.44 1.18246e-09 8.4238e-11 0.3773 0.0466081 0.3773 0.198791
7.56 1.13258e-09 4.96257e-11 0.361248 0.0274789 0.361248 0.250025
7.68 1.05736e-09 3.01498e-11 0.337133 0.0167046 0.337133 0.309029
7.8 9.6431e-10 1.86378e-11 0.307353 0.0103077 0.307353 0.374986
7.92 8.59511e-10 1.16156e-11 0.273851 0.00638387 0.273851 0.445914
8.04 7.48862e-10 7.26615e-12 0.238508 0.00394079 0.238508 0.519044
8.16 6.38061e-10 4.56216e-12 0.203139 0.00241538 0.203139 0.591306
8.28 5.32132e-10 2.8873e-12 0.169344 0.00146728 0.169344 0.659844
8.4 4.34939e-10 1.85816e-12 0.138351 0.00088298 0.138351 0.722415
8.52 3.48942e-10 1.23228e-12 0.11094 0.000526561 0.11094 0.777594
8.64 2.75225e-10 8.55941e-13 0.087452 0.000311429 0.087452 0.824785
8.76 2.13747e-10 6.32298e-13 0.0678713 0.000182869 0.0678713 0.864075
8.88 1.63676e-10 5.00962e-13 0.0519293 0.00010673 0.0519293 0.896035
9 1.23721e-10 4.24764e-13 0.0392129 6.19859e-05 0.0392129 0.921512
9.12 9.24036e-11 3.81114e-13 0.0292491 3.58623e-05 0.0292491 0.941466
9.24 6.82426e-11 3.56457e-13 0.021565 2.06909e-05 0.021565 0.956849
9.36 4.98686e-11 3.42752e-13 0.0157237 1.19175e-05 0.0157237 0.968541
9.48 3.60797e-11 3.35283e-13 0.0113418 6.8608e-06 0.0113418 0.97731
9.6 2.58601e-11 3.31315e-13 0.00809555 3.9536e-06 0.00809555 0.983805
9.72 1.83759e-11 3.29278e-13 0.00571931 2.28534e-06 0.00571931 0.988559
9.84 1.29577e-11 3.28284e-13 0.00399989 1.32931e-06 0.00399989 0.991999
9.96 9.07911e-12 3.27839e-13 0.00276969 7.8194e-07 0.00276969 0.99446
10.08 6.33285e-12 3.2767e-13 0.00189915 4.6874e-07 0.00189915 0.996201
10.2 4.40916e-12 3.27632e-13 0.00128975 2.89593e-07 0.00128975 0.99742
10.32 3.07579e-12 3.2765e-13 0.000867636 1.87147e-07 0.000867636 0.998265
10.44 2.16108e-12 3.27686e-13 0.000578281 1.28571e-07 0.000578281 0.998843
10.56 1.5399e-12 3.27724e-13 0.000381939 9.50835e-08 0.000381939 0.999236
10.68 1.1222e-12 3.27757e-13 0.000250034 7.59443e-08 0.000250034 0.9995
10.8 8.44041e-13 3.27783e-13 0.000162279 6.50104e-08 0.000162279 0.999675
10.92 6.60554e-13 3.27802e-13 0.000104455 5.87689e-08 0.000104455 0.999791
11.04 5.40648e-13 3.27816e-13 6.67129e-05 5.52103e-08 6.67129e-05 0.999867
11.16 4.63037e-13 3.27826e-13 4.23152e-05 5.31853e-08 4.23152e-05 0.999915
11.28 4.13323e-13 3.27832e-13 2.67086e-05 5.20366e-08 2.67086e-05 0.999947
11.4 3.81894e-13 3.27837e-13 1.68568e-05 5.13887e-08 1.68568e-05 0.999966
11.52 3.62441e-13 3.27839e-13 1.0768e-05 5.10275e-08 1.0768e-05 0.999978
11.64 3.50926e-13 3.27841e-13 7.16858e-06 5.08322e-08 7.16858e-06 0.999986
11.76 3.44889e-13 3.27842e-13 5.28361e-06 5.07367e-08 5.28361e-06 0.999989
11.88 3.43015e-13 3.27842e-13 4.69868e-06 5.07082e-08 4.69868e-06 0.999991
