0 3.52313e-13 3.27841e-13 7.5907e-06 5.08204e-08 7.5907e-06 0.999985
0.12 3.55264e-13 3.2784e-13 8.51404e-06 5.08704e-08 8.51404e-06 0.999983
0.24 3.64746e-13 3.27839e-13 1.14819e-05 5.10373e-08 1.14819e-05 0.999977
0.36 3.82752e-13 3.27836e-13 1.71233e-05 5.13771e-08 1.71233e-05 0.999966
0.48 4.12992e-13 3.27832e-13 2.66089e-05 5.20028e-08 2.66089e-05 0.999947
0.6 4.61512e-13 3.27826e-13 4.18486e-05 5.31204e-08 4.18486e-05 0.999916
0.72 5.37681e-13 3.27816e-13 6.58038e-05 5.5095e-08 6.58038e-05 0.999868
0.84 6.5563e-13 3.27803e-13 0.000102945 5.85673e-08 0.000102945 0.999794
0.96 8.36318e-13 3.27784e-13 0.00015991 6.46584e-08 0.00015991 0.99968
1.08 1.1104e-12 3.27758e-13 0.00024641 7.53287e-08 0.00024641 0.999507
1.2 1.52215e-12 3.27725e-13 0.000376486 9.40055e-08 0.000376486 0.999247
1.32 2.13472e-12 3.27687e-13 0.000570176 1.26681e-07 0.000570176 0.99886
1.44 3.03706e-12 3.27649e-13 0.000855723 1.83834e-07 0.000855723 0.998288
1.56 4.35288e-12 3.27628e-13 0.00127242 2.8378e-07 0.00127242 0.997455
1.68 6.25192e-12 3.27661e-13 0.00187424 4.58537e-07 0.00187424 0.996251
1.8 8.96398e-12 3.27819e-13 0.00273424 7.64033e-07 0.00273424 0.994531
1.92 1.27958e-11 3.28243e-13 0.00395001 1.29788e-06 0.00395001 0.992099
2.04 1.81505e-11 3.29197e-13 0.00564991 2.23021e-06 0.00564991 0.988698
2.16 2.55502e-11 3.31161e-13 0.00800012 3.85697e-06 0.00800012 0.983996
2.28 3.56584e-11 3.35e-13 0.0112121 6.69163e-06 0.0112121 0.977569
2.4 4.9303e-11 3.42239e-13 0.0155496 1.16219e-05 0.0155496 0.968889
2.52 6.7493e-11 3.55539e-13 0.0213344 2.01756e-05 0.0213344 0.957311
2.64 9.14237e-11 3.79492e-13 0.0289479 3.49667e-05 0.0289479 0.942069
2.76 1.2246e-10 4.21927e-13 0.0388254 6.0436e-05 0.0388254 0.922289
2.88 1.62079e-10 4.9605e-13 0.0514394 0.000104061 0.0514394 0.897017
3 2.11765e-10 6.23871e-13 0.0672638 0.000178303 0.0672638 0.865294
3.12 2.72818e-10 8.41623e-13 0.0867156 0.000303674 0.0867156 0.826265
3.24 3.46093e-10 1.20817e-12 0.11007 0.000513499 0.11007 0.779346
3.36 4.31667e-10 1.81797e-12 0.137355 0.000861177 0.137355 0.724429
3.48 5.28501e-10 2.82089e-12 0.168243 0.00143122 0.168243 0.662082
3.6 6.34187e-10 4.45326e-12 0.201971 0.00235624 0.201971 0.593702
3.72 7.44911e-10 7.08843e-12 0.237326 0.00384434 0.237326 0.521504
3.84 8.55688e-10 1.13255e-11 0.27272 0.00622673 0.27272 0.448334
3.96 9.60842e-10 1.81602e-11 0.306345 0.0100496 0.306345 0.377261
4.08 1.05449e-09 2.93465e-11 0.336324 0.0162713 0.336324 0.31108
4.2 1.13062e-09 4.82226e-11 0.360733 0.0267218 0.360733 0.251812
4.32 1.18189e-09 8.16549e-11 0.377232 0.0452074 0.377232 0.200329
4.44 1.19611e-09 1.44365e-10 0.38192 0.0800332 0.38192 0.156127
4.56 1.14934e-09 2.66208e-10 0.367144 0.148431 0.367144 0.117281
4.68 1.0035e-09 4.91966e-10 0.320712 0.277301 0.320712 0.0812744
4.8 7.44024e-10 8.31412e-10 0.237931 0.475864 0.237931 0.0482738
4.92 4.54737e-10 1.17449e-09 0.145541 0.685326 0.145541 0.0235925
5.04 2.45606e-10 1.39355e-09 0.0786968 0.832524 0.0786968 0.0100829
5.16 1.29064e-10 1.48621e-09 0.0414147 0.913003 0.0414147 0.00416723
5.28 6.95219e-11 1.50429e-09 0.0223449 0.953523 0.0223449 0.00178722
5.4 3.88678e-11 1.48748e-09 0.0125122 0.974154 0.0125122 0.000821234
5.52 2.25623e-11 1.4583e-09 0.00727299 0.985046 0.00727299 0.000408217
5.64 1.381e-11 1.42962e-09 0.00445612 0.990865 0.00445612 0.00022271
5.76 9.45788e-12 1.4093e-09 0.00305362 0.993751 0.00305362 0.000141289
5.88 8.09932e-12 1.40182e-09 0.00261547 0.994651 0.00261547 0.000117531
6 9.31791e-12 1.4087e-09 0.00300835 0.993844 0.00300835 0.000139066
6.12 1.34834e-11 1.42856e-09 0.00435056 0.991082 0.00435056 0.000217037
6.24 2.19324e-11 1.45708e-09 0.00706953 0.985465 0.00706953 0.000395552
6.36 3.76816e-11 1.48664e-09 0.0121294 0.974949 0.0121294 0.000792239
6.48 6.72327e-11 1.5047e-09 0.0216068 0.955069 0.0216068 0.00171696
6.6 1.2452e-10 1.48951e-09 0.0399509 0.916108 0.0399509 0.00399044
6.72 2.36779e-10 1.40249e-09 0.0758546 0.838641 0.0758546 0.00965015
6.84 4.4001e-10 1.19152e-09 0.140796 0.695725 0.140796 0.0226831
6.96 7.26827e-10 8.52887e-10 0.232374 0.488366 0.232374 0.0468858
7.08 9.91066e-10 5.08886e-10 0.316655 0.286897 0.316655 0.0797938
7.2 1.14335e-09 2.75947e-10 0.365127 0.15385 0.365127 0.115896
7.32 1.19436e-09 1.49369e-10 0.381251 0.0827758 0.381251 0.154721
7.44 1.18251e-09 8.42393e-11 0.377319 0.0466097 0.377319 0.198753
7.56 1.13263e-09 4.96269e-11 0.36127 0.0274802 0.36127 0.24998
7.68 1.05743e-09 3.01508e-11 0.337158 0.0167056 0.337158 0.308979
7.8 9.64383e-10 1.86387e-11 0.30738 0.0103084 0.30738 0.374932
7.92 8.59589e-10 1.16163e-11 0.273879 0.00638443 0.273879 0.445858
8.04 7.48941e-10 7.26666e-12 0.238535 0.00394119 0.238535 0.518988
8.16 6.38138e-10 4.56253e-12 0.203166 0.00241567 0.203166 0.591253
8.28 5.32204e-10 2.88755e-12 0.169369 0.00146747 0.169369 0.659795
8.4 4.35004e-10 1.85832e-12 0.138373 0.000883109 0.138373 0.722371
8.52 3.48997e-10 1.23238e-12 0.110959 0.000526644 0.110959 0.777556
8.64 2.75272e-10 8.56007e-13 0.087468 0.000311481 0.087468 0.824753
8.76 2.13786e-10 6.32337e-13 0.0678844 0.000182901 0.0678844 0.864048
8.88 1.63707e-10 5.00985e-13 0.0519398 0.00010675 0.0519398 0.896014
9 1.23746e-10 4.24777e-13 0.0392212 6.1998e-05 0.0392212 0.921496
9.12 9.24227e-11 3.81122e-13 0.0292555 3.58695e-05 0.0292555 0.941453
9.24 6.82573e-11 3.56461e-13 0.02157 2.06952e-05 0.02157 0.956839
9.36 4.98797e-11 3.42754e-13 0.0157274 1.19201e-05 0.0157274 0.968533
9.48 3.60879e-11 3.35284e-13 0.0113445 6.8623e-06 0.0113445 0.977304
9.6 2.58662e-11 3.31315e-13 0.00809758 3.95448e-06 0.00809758 0.983801
9.72 1.83803e-11 3.29278e-13 0.00572078 2.28585e-06 0.00572078 0.988556
9.84 1.29609e-11 3.28284e-13 0.00400096 1.3296e-06 0.00400096 0.991997
9.96 9.08139e-12 3.27839e-13 0.00277045 7.82113e-07 0.00277045 0.994458
10.08 6.33445e-12 3.2767e-13 0.00189968 4.6884e-07 0.00189968 0.9962
10.2 4.41028e-12 3.27632e-13 0.00129012 2.89651e-07 0.00129012 0.997419
10.32 3.07656e-12 3.2765e-13 0.000867892 1.8718e-07 0.000867892 0.998264
10.44 2.16161e-12 3.27686e-13 0.000578456 1.2859e-07 0.000578456 0.998843
10.56 1.54026e-12 3.27724e-13 0.000382058 9.50946e-08 0.000382058 0.999236
10.68 1.12244e-12 3.27757e-13 0.000250113 7.59507e-08 0.000250113 0.9995
10.8 8.44202e-13 3.27783e-13 0.000162332 6.50141e-08 0.000162332 0.999675
10.92 6.60659e-13 3.27802e-13 0.00010449 5.87709e-08 0.00010449 0.999791
11.04 5.40717e-13 3.27816e-13 6.67355e-05 5.52114e-08 6.67355e-05 0.999866
11.16 4.63082e-13 3.27826e-13 4.23298e-05 5.31859e-08 4.23298e-05 0.999915
11.28 4.13352e-13 3.27832e-13 2.67181e-05 5.2037e-08 2.67181e-05 0.999947
11.4 3.81913e-13 3.27837e-13 1.68629e-05 5.13889e-08 1.68629e-05 0.999966
11.52 3.62453e-13 3.27839e-13 1.0772e-05 5.10276e-08 1.0772e-05 0.999978
11.64 3.50934e-13 3.27841e-13 7.17122e-06 5.08323e-08 7.17122e-06 0.999986
11.76 3.44895e-13 3.27842e-13 5.28556e-06 5.07367e-08 5.28556e-06 0.999989
11.88 3.4302e-13 3.27842e-13 4.70042e-06 5.07082e-08 4.70042e-06 0.999991
