0 3.52349e-13 3.27841e-13 7.60264e-06 5.08206e-08 7.60264e-06 0.999985
0.12 3.55305e-13 3.2784e-13 8.52744e-06 5.08707e-08 8.52744e-06 0.999983
0.24 3.64801e-13 3.27839e-13 1.14998e-05 5.10378e-08 1.14998e-05 0.999977
0.36 3.82833e-13 3.27836e-13 1.71498e-05 5.13779e-08 1.71498e-05 0.999966
0.48 4.13116e-13 3.27832e-13 2.66493e-05 5.20043e-08 2.66493e-05 0.999947
0.6 4.61703e-13 3.27826e-13 4.19111e-05 5.31231e-08 4.19111e-05 0.999916
0.72 5.37974e-13 3.27816e-13 6.59e-05 5.50999e-08 6.59e-05 0.999868
0.84 6.56079e-13 3.27803e-13 0.000103093 5.85761e-08 0.000103093 0.999794
0.96 8.37e-13 3.27784e-13 0.000160134 6.46738e-08 0.000160134 0.99968
1.08 1.11143e-12 3.27758e-13 0.000246748 7.53556e-08 0.000246748 0.999506
1.2 1.52368e-12 3.27725e-13 0.00037699 9.40524e-08 0.00037699 0.999246
1.32 2.13698e-12 3.27686e-13 0.000570921 1.26763e-07 0.000570921 0.998858
1.44 3.04036e-12 3.27649e-13 0.000856814 1.83975e-07 0.000856814 0.998286
1.56 4.35765e-12 3.27628e-13 0.00127401 2.84024e-07 0.00127401 0.997452
1.68 6.25876e-12 3.2766e-13 0.00187651 4.58958e-07 0.00187651 0.996247
1.8 8.97368e-12 3.27818e-13 0.00273746 7.64759e-07 0.00273746 0.994524
1.92 1.28094e-11 3.28242e-13 0.00395454 1.29913e-06 0.00395454 0.99209
2.04 1.81694e-11 3.29196e-13 0.0056562 2.23235e-06 0.0056562 0.988685
2.16 2.55761e-11 3.31162e-13 0.00800876 3.86064e-06 0.00800876 0.983979
2.28 3.56935e-11 3.35003e-13 0.0112238 6.6979e-06 0.0112238 0.977546
2.4 4.93501e-11 3.42246e-13 0.0155654 1.16326e-05 0.0155654 0.968857
2.52 6.75553e-11 3.55555e-13 0.0213553 2.01936e-05 0.0213553 0.957269
2.64 9.15051e-11 3.79522e-13 0.0289752 3.4997e-05 0.0289752 0.942014
2.76 1.22564e-10 4.21981e-13 0.0388607 6.04866e-05 0.0388607 0.922218
2.88 1.62212e-10 4.96146e-13 0.0514841 0.000104145 0.0514841 0.896927
3 2.1193e-10 6.24037e-13 0.0673195 0.000178439 0.0673195 0.865182
3.12 2.73018e-10 8.41897e-13 0.0867836 0.000303893 0.0867836 0.826129
3.24 3.46331e-10 1.20862e-12 0.110151 0.000513845 0.110151 0.779184
3.36 4.31941e-10 1.81866e-12 0.137449 0.000861711 0.137449 0.72424
3.48 5.28807e-10 2.82193e-12 0.168349 0.00143202 0.168349 0.66187
3.6 6.34516e-10 4.45476e-12 0.202086 0.00235742 0.202086 0.593472
3.72 7.4525e-10 7.09053e-12 0.237445 0.00384603 0.237445 0.521264
3.84 8.56023e-10 1.13283e-11 0.272839 0.00622905 0.272839 0.448093
3.96 9.61157e-10 1.81638e-11 0.306459 0.0100527 0.306459 0.377029
4.08 1.05478e-09 2.93508e-11 0.33643 0.0162753 0.33643 0.310865
4.2 1.13086e-09 4.82274e-11 0.360827 0.0267269 0.360827 0.25162
4.32 1.18208e-09 8.16597e-11 0.377311 0.0452139 0.377311 0.200165
4.44 1.19626e-09 1.44369e-10 0.381984 0.080042 0.381984 0.15599
4.56 1.14944e-09 2.66209e-10 0.367191 0.148444 0.367191 0.117174
4.68 1.00354e-09 4.9196e-10 0.320741 0.27732 0.320741 0.0811977
4.8 7.4403e-10 8.31386e-10 0.237943 0.475887 0.237943 0.0482269
4.92 4.54723e-10 1.17443e-09 0.145542 0.685347 0.145542 0.0235692
5.04 2.4559e-10 1.39346e-09 0.0786945 0.832538 0.0786945 0.0100729
5.16 1.29051e-10 1.48611e-09 0.0414119 0.913013 0.0414119 0.00416316
5.28 6.95118e-11 1.50419e-09 0.0223423 0.95353 0.0223423 0.00178552
5.4 3.88602e-11 1.48739e-09 0.0125101 0.974159 0.0125101 0.000820476
5.52 2.25568e-11 1.45822e-09 0.00727137 0.985049 0.00727137 0.000407858
5.64 1.38064e-11 1.42957e-09 0.00445504 0.990867 0.00445504 0.000222538
5.76 9.45612e-12 1.40927e-09 0.00305307 0.993752 0.00305307 0.000141218
5.88 8.09929e-12 1.40182e-09 0.00261546 0.994651 0.00261546 0.00011753
6 9.31961e-12 1.40873e-09 0.00300888 0.993843 0.00300888 0.000139134
6.12 1.34869e-11 1.42862e-09 0.00435164 0.991079 0.00435164 0.000217204
6.24 2.19378e-11 1.45716e-09 0.00707115 0.985462 0.00707115 0.000395901
6.36 3.76892e-11 1.48673e-09 0.0121315 0.974944 0.0121315 0.000792975
6.48 6.7243e-11 1.50481e-09 0.0216095 0.955062 0.0216095 0.00171861
6.6 1.24534e-10 1.48961e-09 0.0399541 0.916097 0.0399541 0.00399437
6.72 2.36797e-10 1.40258e-09 0.0758576 0.838625 0.0758576 0.00965982
6.84 4.40027e-10 1.19158e-09 0.140796 0.695702 0.140796 0.0227058
6.96 7.26827e-10 8.52909e-10 0.232364 0.488339 0.232364 0.0469318
7.08 9.91023e-10 5.08888e-10 0.316628 0.286875 0.316628 0.0798696
7.2 1.14325e-09 2.75943e-10 0.365081 0.153836 0.365081 0.116002
7.32 1.19421e-09 1.49363e-10 0.381189 0.082766 0.381189 0.154857
7.44 1.18231e-09 8.42338e-11 0.37724 0.0466027 0.37724 0.198917
7.56 1.13239e-09 4.96217e-11 0.361177 0.0274748 0.361177 0.250172
7.68 1.05714e-09 3.01463e-11 0.337052 0.0167014 0.337052 0.309194
7.8 9.64068e-10 1.86349e-11 0.307265 0.0103052 0.307265 0.375164
7.92 8.59254e-10 1.16134e-11 0.273759 0.00638202 0.273759 0.4461
8.04 7.48601e-10 7.26447e-12 0.238416 0.00393945 0.238416 0.519229
8.16 6.37808e-10 4.56096e-12 0.203051 0.00241445 0.203051 0.591483
8.28 5.31896e-10 2.88648e-12 0.169263 0.00146664 0.169263 0.660008
8.4 4.34728e-10 1.85761e-12 0.138279 0.000882558 0.138279 0.72256
8.52 3.48758e-10 1.23193e-12 0.110877 0.000526288 0.110877 0.77772
8.64 2.7507e-10 8.55724e-13 0.0873994 0.000311256 0.0873994 0.82489
8.76 2.13619e-10 6.32166e-13 0.0678282 0.000182761 0.0678282 0.864161
8.88 1.63573e-10 5.00885e-13 0.0518947 0.000106664 0.0518947 0.896104
9 1.2364e-10 4.2472e-13 0.0391856 6.1946e-05 0.0391856 0.921567
9.12 9.23406e-11 3.81091e-13 0.029228 3.58384e-05 0.029228 0.941508
9.24 6.81944e-11 3.56445e-13 0.0215489 2.06767e-05 0.0215489 0.956882
9.36 4.98321e-11 3.42746e-13 0.0157115 1.19091e-05 0.0157115 0.968565
9.48 3.60524e-11 3.35281e-13 0.0113327 6.85586e-06 0.0113327 0.977328
9.6 2.584e-11 3.31314e-13 0.00808886 3.95071e-06 0.00808886 0.983818
9.72 1.83613e-11 3.29278e-13 0.00571444 2.28365e-06 0.00571444 0.988569
9.84 1.29472e-11 3.28285e-13 0.00399639 1.32833e-06 0.00399639 0.992006
9.96 9.07159e-12 3.2784e-13 0.00276719 7.81371e-07 0.00276719 0.994465
10.08 6.32755e-12 3.2767e-13 0.00189739 4.68409e-07 0.00189739 0.996205
10.2 4.40546e-12 3.27632e-13 0.00128852 2.89402e-07 0.00128852 0.997423
10.32 3.07323e-12 3.2765e-13 0.000866791 1.87036e-07 0.000866791 0.998266
10.44 2.15933e-12 3.27687e-13 0.000577704 1.28507e-07 0.000577704 0.998844
10.56 1.53871e-12 3.27725e-13 0.000381549 9.50468e-08 0.000381549 0.999237
10.68 1.12141e-12 3.27757e-13 0.000249773 7.59232e-08 0.000249773 0.9995
10.8 8.43514e-13 3.27783e-13 0.000162106 6.49984e-08 0.000162106 0.999676
10.92 6.60206e-13 3.27803e-13 0.000104341 5.8762e-08 0.000104341 0.999791
11.04 5.40421e-13 3.27816e-13 6.66385e-05 5.52064e-08 6.66385e-05 0.999867
11.16 4.6289e-13 3.27826e-13 4.2267e-05 5.31831e-08 4.2267e-05 0.999915
11.28 4.13228e-13 3.27832e-13 2.66777e-05 5.20354e-08 2.66777e-05 0.999947
11.4 3.81833e-13 3.27837e-13 1.68369e-05 5.1388e-08 1.68369e-05 0.999966
11.52 3.62402e-13 3.27839e-13 1.07551e-05 5.10271e-08 1.07551e-05 0.999978
11.64 3.50899e-13 3.27841e-13 7.15989e-06 5.0832e-08 7.15989e-06 0.999986
11.76 3.44869e-13 3.27842e-13 5.27716e-06 5.07366e-08 5.27716e-06 0.999989
11.88 3.42997e-13 3.27842e-13 4.69296e-06 5.07081e-08 4.69296e-06 0.999991
