0 3.52359e-13 3.27841e-13 7.60589e-06 5.08207e-08 7.60589e-06 0.999985
0.12 3.55317e-13 3.2784e-13 8.53109e-06 5.08707e-08 8.53109e-06 0.999983
0.24 3.64816e-13 3.27839e-13 1.15047e-05 5.10379e-08 1.15047e-05 0.999977
0.36 3.82856e-13 3.27836e-13 1.7157e-05 5.13781e-08 1.7157e-05 0.999966
0.48 4.13149e-13 3.27832e-13 2.66603e-05 5.20047e-08 2.66603e-05 0.999947
0.6 4.61755e-13 3.27826e-13 4.19281e-05 5.31239e-08 4.19281e-05 0.999916
0.72 5.38054e-13 3.27816e-13 6.59262e-05 5.51013e-08 6.59262e-05 0.999868
0.84 6.56201e-13 3.27803e-13 0.000103133 5.85785e-08 0.000103133 0.999794
0.96 8.37185e-13 3.27784e-13 0.000160195 6.4678e-08 0.000160195 0.99968
1.08 1.1117e-12 3.27758e-13 0.00024684 7.5363e-08 0.00024684 0.999506
1.2 1.5241e-12 3.27725e-13 0.000377127 9.40652e-08 0.000377127 0.999246
1.32 2.13759e-12 3.27686e-13 0.000571124 1.26785e-07 0.000571124 0.998858
1.44 3.04126e-12 3.27648e-13 0.000857111 1.84013e-07 0.000857111 0.998286
1.56 4.35895e-12 3.27628e-13 0.00127444 2.8409e-07 0.00127444 0.997451
1.68 6.26062e-12 3.2766e-13 0.00187712 4.59073e-07 0.00187712 0.996245
1.8 8.97632e-12 3.27818e-13 0.00273834 7.64956e-07 0.00273834 0.994523
1.92 1.28131e-11 3.28242e-13 0.00395577 1.29947e-06 0.00395577 0.992087
2.04 1.81746e-11 3.29196e-13 0.00565791 2.23294e-06 0.00565791 0.988682
2.16 2.55831e-11 3.31162e-13 0.00801111 3.86164e-06 0.00801111 0.983974
2.28 3.57031e-11 3.35004e-13 0.011227 6.69961e-06 0.011227 0.977539
2.4 4.93629e-11 3.42248e-13 0.0155697 1.16355e-05 0.0155697 0.968849
2.52 6.75723e-11 3.55559e-13 0.021361 2.01985e-05 0.021361 0.957258
2.64 9.15273e-11 3.7953e-13 0.0289827 3.50053e-05 0.0289827 0.942
2.76 1.22593e-10 4.21996e-13 0.0388703 6.05004e-05 0.0388703 0.922199
2.88 1.62248e-10 4.96173e-13 0.0514963 0.000104168 0.0514963 0.896903
3 2.11974e-10 6.24082e-13 0.0673347 0.000178476 0.0673347 0.865152
3.12 2.73073e-10 8.41972e-13 0.0868021 0.000303952 0.0868021 0.826092
3.24 3.46395e-10 1.20873e-12 0.110173 0.000513939 0.110173 0.77914
3.36 4.32016e-10 1.81884e-12 0.137475 0.000861857 0.137475 0.724189
3.48 5.2889e-10 2.82221e-12 0.168378 0.00143224 0.168378 0.661813
3.6 6.34606e-10 4.45517e-12 0.202117 0.00235774 0.202117 0.593409
3.72 7.45343e-10 7.09111e-12 0.237477 0.00384649 0.237477 0.521199
3.84 8.56114e-10 1.13291e-11 0.272872 0.00622968 0.272872 0.448027
3.96 9.61243e-10 1.81648e-11 0.30649 0.0100535 0.30649 0.376966
4.08 1.05485e-09 2.93519e-11 0.336458 0.0162764 0.336458 0.310807
4.2 1.13092e-09 4.82287e-11 0.360852 0.0267282 0.360852 0.251568
4.32 1.18213e-09 8.1661e-11 0.377332 0.0452157 0.377332 0.20012
4.44 1.1963e-09 1.44371e-10 0.382001 0.0800444 0.382001 0.155954
4.56 1.14947e-09 2.6621e-10 0.367204 0.148447 0.367204 0.117145
4.68 1.00356e-09 4.91959e-10 0.320749 0.277326 0.320749 0.0811769
4.8 7.44032e-10 8.31378e-10 0.237946 0.475894 0.237946 0.0482141
4.92 4.5472e-10 1.17441e-09 0.145542 0.685353 0.145542 0.0235629
5.04 2.45585e-10 1.39344e-09 0.0786939 0.832542 0.0786939 0.0100702
5.16 1.29047e-10 1.48608e-09 0.0414111 0.913016 0.0414111 0.00416206
5.28 6.95091e-11 1.50416e-09 0.0223416 0.953532 0.0223416 0.00178506
5.4 3.88581e-11 1.48737e-09 0.0125095 0.974161 0.0125095 0.00082027
5.52 2.25553e-11 1.4582e-09 0.00727093 0.98505 0.00727093 0.000407761
5.64 1.38055e-11 1.42955e-09 0.00445474 0.990868 0.00445474 0.000222491
5.76 9.45564e-12 1.40926e-09 0.00305292 0.993753 0.00305292 0.000141199
5.88 8.09929e-12 1.40182e-09 0.00261546 0.994651 0.00261546 0.000117529
6 9.32007e-12 1.40873e-09 0.00300903 0.993842 0.00300903 0.000139153
6.12 1.34879e-11 1.42863e-09 0.00435193 0.991079 0.00435193 0.00021725
6.24 2.19393e-11 1.45718e-09 0.00707159 0.985461 0.00707159 0.000395996
6.36 3.76913e-11 1.48675e-09 0.0121321 0.974942 0.0121321 0.000793176
6.48 6.72458e-11 1.50483e-09 0.0216102 0.95506 0.0216102 0.00171906
6.6 1.24538e-10 1.48964e-09 0.0399549 0.916095 0.0399549 0.00399544
6.72 2.36802e-10 1.4026e-09 0.0758584 0.838621 0.0758584 0.00966245
6.84 4.40032e-10 1.19159e-09 0.140796 0.695696 0.140796 0.0227119
6.96 7.26827e-10 8.52915e-10 0.232362 0.488332 0.232362 0.0469443
7.08 9.91012e-10 5.08888e-10 0.31662 0.286869 0.31662 0.0798902
7.2 1.14323e-09 2.75942e-10 0.365069 0.153832 0.365069 0.116031
7.32 1.19417e-09 1.49362e-10 0.381171 0.0827634 0.381171 0.154894
7.44 1.18226e-09 8.42322e-11 0.377219 0.0466008 0.377219 0.198962
7.56 1.13233e-09 4.96203e-11 0.361152 0.0274733 0.361152 0.250224
7.68 1.05707e-09 3.0145e-11 0.337024 0.0167002 0.337024 0.309253
7.8 9.63982e-10 1.86339e-11 0.307234 0.0103043 0.307234 0.375228
7.92 8.59162e-10 1.16126e-11 0.273727 0.00638137 0.273727 0.446165
8.04 7.48508e-10 7.26388e-12 0.238383 0.00393898 0.238383 0.519294
8.16 6.37718e-10 4.56054e-12 0.20302 0.00241411 0.20302 0.591546
8.28 5.31813e-10 2.88618e-12 0.169234 0.00146641 0.169234 0.660066
8.4 4.34653e-10 1.85742e-12 0.138253 0.000882408 0.138253 0.722612
8.52 3.48693e-10 1.2318e-12 0.110855 0.000526191 0.110855 0.777764
8.64 2.75015e-10 8.55647e-13 0.0873808 0.000311195 0.0873808 0.824927
8.76 2.13574e-10 6.3212e-13 0.0678129 0.000182723 0.0678129 0.864191
8.88 1.63537e-10 5.00858e-13 0.0518825 0.00010664 0.0518825 0.896128
9 1.23611e-10 4.24705e-13 0.039176 6.19319e-05 0.039176 0.921586
9.12 9.23182e-11 3.81082e-13 0.0292205 3.58299e-05 0.0292205 0.941523
9.24 6.81773e-11 3.56441e-13 0.0215431 2.06717e-05 0.0215431 0.956893
9.36 4.98192e-11 3.42744e-13 0.0157072 1.19062e-05 0.0157072 0.968574
9.48 3.60428e-11 3.3528e-13 0.0113295 6.85412e-06 0.0113295 0.977334
9.6 2.58329e-11 3.31314e-13 0.00808649 3.94969e-06 0.00808649 0.983823
9.72 1.83561e-11 3.29278e-13 0.00571271 2.28305e-06 0.00571271 0.988572
9.84 1.29435e-11 3.28285e-13 0.00399515 1.32798e-06 0.00399515 0.992008
9.96 9.06893e-12 3.2784e-13 0.00276631 7.81169e-07 0.00276631 0.994467
10.08 6.32567e-12 3.27671e-13 0.00189677 4.68292e-07 0.00189677 0.996206
10.2 4.40415e-12 3.27633e-13 0.00128809 2.89334e-07 0.00128809 0.997424
10.32 3.07233e-12 3.2765e-13 0.000866492 1.86997e-07 0.000866492 0.998267
10.44 2.15871e-12 3.27687e-13 0.0005775 1.28484e-07 0.0005775 0.998845
10.56 1.5383e-12 3.27725e-13 0.000381411 9.50338e-08 0.000381411 0.999237
10.68 1.12113e-12 3.27757e-13 0.00024968 7.59158e-08 0.00024968 0.999501
10.8 8.43327e-13 3.27783e-13 0.000162045 6.49941e-08 0.000162045 0.999676
10.92 6.60083e-13 3.27803e-13 0.000104301 5.87596e-08 0.000104301 0.999791
11.04 5.40341e-13 3.27816e-13 6.66121e-05 5.5205e-08 6.66121e-05 0.999867
11.16 4.62838e-13 3.27826e-13 4.225e-05 5.31823e-08 4.225e-05 0.999915
11.28 4.13194e-13 3.27832e-13 2.66667e-05 5.2035e-08 2.66667e-05 0.999947
11.4 3.81811e-13 3.27837e-13 1.68299e-05 5.13878e-08 1.68299e-05 0.999966
11.52 3.62388e-13 3.27839e-13 1.07506e-05 5.1027e-08 1.07506e-05 0.999978
11.64 3.5089e-13 3.27841e-13 7.15681e-06 5.0832e-08 7.15681e-06 0.999986
11.76 3.44862e-13 3.27842e-13 5.27488e-06 5.07366e-08 5.27488e-06 0.999989
11.88 3.42991e-13 3.27842e-13 4.69094e-06 5.07081e-08 4.69094e-06 0.999991
