0 4.43505e-13 3.27825e-13 3.67856e-05 5.15458e-08 3.67856e-05 0.999927
0.12 4.57329e-13 3.27823e-13 4.12142e-05 5.17676e-08 4.12142e-05 0.999918
0.24 4.89224e-13 3.27818e-13 5.14351e-05 5.2303e-08 5.14351e-05 0.999897
0.36 5.431e-13 3.2781e-13 6.87096e-05 5.32759e-08 6.87096e-05 0.999863
0.48 6.26996e-13 3.27797e-13 9.56277e-05 5.49397e-08 9.56277e-05 0.999809
0.6 7.53559e-13 3.27779e-13 0.000136265 5.77379e-08 0.000136265 0.999728
0.72 9.41574e-13 3.27753e-13 0.000196679 6.24266e-08 0.000196679 0.999607
0.84 1.21827e-12 3.27716e-13 0.000285649 7.02881e-08 0.000285649 0.999429
0.96 1.62251e-12 3.27667e-13 0.000415718 8.34961e-08 0.000415718 0.999169
1.08 2.20912e-12 3.27602e-13 0.000604583 1.0574e-07 0.000604583 0.998791
1.2 3.05459e-12 3.27519e-13 0.000876939 1.43296e-07 0.000876939 0.998246
1.32 4.2644e-12 3.27419e-13 0.00126686 2.06847e-07 0.00126686 0.997466
1.44 5.98246e-12 3.27311e-13 0.00182085 3.14614e-07 0.00182085 0.996358
1.56 8.40273e-12 3.27219e-13 0.00260159 4.97689e-07 0.00260159 0.994796
1.68 1.17835e-11 3.27194e-13 0.00369257 8.09162e-07 0.00369257 0.992614
1.8 1.6464e-11 3.27343e-13 0.00520355 1.33967e-06 0.00520355 0.989591
1.92 2.28843e-11 3.27868e-13 0.00727677 2.24383e-06 0.00727677 0.985444
2.04 3.16058e-11 3.29145e-13 0.0100939 3.78505e-06 0.0100939 0.979808
2.16 4.33334e-11 3.31849e-13 0.0138831 6.41104e-06 0.0138831 0.972227
2.28 5.89351e-11 3.37168e-13 0.0189252 1.08802e-05 0.0189252 0.962138
2.4 7.94546e-11 3.47159e-13 0.0255581 1.84714e-05 0.0255581 0.948865
2.52 1.0611e-10 3.65336e-13 0.0341764 3.13284e-05 0.0341764 0.931616
2.64 1.40268e-10 3.97616e-13 0.0452224 5.30179e-05 0.0452224 0.909502
2.76 1.83372e-10 4.53833e-13 0.0591643 8.94184e-05 0.0591643 0.881582
2.88 2.3682e-10 5.50106e-13 0.076455 0.000150111 0.076455 0.84694
3 3.01756e-10 7.12477e-13 0.0974666 0.00025051 0.0974666 0.804816
3.12 3.788e-10 9.824e-13 0.1224 0.000415055 0.1224 0.754784
3.24 4.67715e-10 1.42488e-12 0.151182 0.000681917 0.151182 0.696955
3.36 5.67109e-10 2.14055e-12 0.183362 0.00110986 0.183362 0.632166
3.48 6.7426e-10 3.2837e-12 0.218062 0.0017884 0.218062 0.562088
3.6 7.85183e-10 5.09041e-12 0.253992 0.00285324 0.253992 0.489163
3.72 8.9499e-10 7.92517e-12 0.289572 0.00451168 0.289572 0.416345
3.84 9.98478e-10 1.23649e-11 0.323116 0.00708815 0.323116 0.34668
3.96 1.09074e-09 1.93646e-11 0.353034 0.0111151 0.353034 0.282817
4.08 1.16746e-09 3.06154e-11 0.37793 0.0175328 0.37793 0.226607
4.2 1.22455e-09 4.93681e-11 0.396478 0.0281614 0.396478 0.178883
4.32 1.25645e-09 8.2382e-11 0.406869 0.0468459 0.406869 0.139415
4.44 1.25194e-09 1.44264e-10 0.405474 0.0820724 0.405474 0.106979
4.56 1.18695e-09 2.64701e-10 0.384488 0.151537 0.384488 0.0794874
4.68 1.02267e-09 4.87809e-10 0.33133 0.282696 0.33133 0.054644
4.8 7.46632e-10 8.21121e-10 0.241943 0.483888 0.241943 0.0322252
4.92 4.4894e-10 1.15289e-09 0.14551 0.69331 0.14551 0.0156693
5.04 2.3856e-10 1.3617e-09 0.077342 0.83862 0.077342 0.006696
5.16 1.23235e-10 1.44937e-09 0.0399626 0.917293 0.0399626 0.00278156
5.28 6.51303e-11 1.46744e-09 0.0211229 0.956551 0.0211229 0.00120352
5.4 3.57072e-11 1.45449e-09 0.0115791 0.976281 0.0115791 0.00056028
5.52 2.04478e-11 1.4324e-09 0.00662767 0.986458 0.00662767 0.000285937
5.64 1.26275e-11 1.41354e-09 0.004089 0.991655 0.004089 0.000167036
5.76 9.1616e-12 1.40492e-09 0.00296199 0.993952 0.00296199 0.000123919
5.88 8.7212e-12 1.4098e-09 0.00281344 0.994243 0.00281344 0.000130026
6 1.09996e-11 1.42825e-09 0.00353954 0.992734 0.00353954 0.000186376
6.12 1.65482e-11 1.45755e-09 0.00531061 0.989057 0.00531061 0.000321178
6.24 2.70481e-11 1.49227e-09 0.00865445 0.982077 0.00865445 0.000613497
6.36 4.62428e-11 1.52362e-09 0.0147486 0.969234 0.0147486 0.00126841
6.48 8.22318e-11 1.53695e-09 0.026141 0.944889 0.026141 0.00282896
6.6 1.52147e-10 1.50584e-09 0.04822 0.896838 0.04822 0.00672252
6.72 2.87094e-10 1.3846e-09 0.0907622 0.802149 0.0907622 0.0163265
6.84 5.17233e-10 1.1237e-09 0.163221 0.636206 0.163221 0.0373525
6.96 8.04116e-10 7.56427e-10 0.253428 0.420343 0.253428 0.0728003
7.08 1.02781e-09 4.31487e-10 0.323627 0.236275 0.323627 0.11647
7.2 1.13291e-09 2.30488e-10 0.356458 0.124905 0.356458 0.162179
7.32 1.14832e-09 1.24911e-10 0.361078 0.0672945 0.361078 0.210549
7.44 1.11035e-09 7.06398e-11 0.348935 0.0379614 0.348935 0.264169
7.56 1.04015e-09 4.15289e-11 0.326699 0.022287 0.326699 0.324315
7.68 9.49354e-10 2.50464e-11 0.298025 0.0134066 0.298025 0.390544
7.8 8.45855e-10 1.53174e-11 0.265398 0.00814987 0.265398 0.461054
7.92 7.36339e-10 9.43331e-12 0.230918 0.00496034 0.230918 0.533203
8.04 6.268e-10 5.83781e-12 0.196464 0.00300641 0.196464 0.604065
8.16 5.22301e-10 3.63884e-12 0.163622 0.00180956 0.163622 0.670947
8.28 4.26631e-10 2.30034e-12 0.133575 0.00108051 0.133575 0.73177
8.4 3.42138e-10 1.49189e-12 0.107053 0.000640048 0.107053 0.785253
8.52 2.69811e-10 1.00806e-12 0.0843635 0.000376343 0.0843635 0.830897
8.64 2.09546e-10 7.21299e-13 0.0654675 0.000219852 0.0654675 0.868845
8.76 1.60487e-10 5.52993e-13 0.0500927 0.000127732 0.0500927 0.899687
8.88 1.21347e-10 4.5518e-13 0.0378324 7.38825e-05 0.0378324 0.924261
9 9.06659e-11 3.98906e-13 0.0282265 4.25892e-05 0.0282265 0.943504
9.12 6.69904e-11 3.66877e-13 0.0208177 2.44906e-05 0.0208177 0.95834
9.24 4.89792e-11 3.48865e-13 0.0151843 1.40627e-05 0.0151843 0.969617
9.36 3.54567e-11 3.38876e-13 0.0109571 8.07203e-06 0.0109571 0.978078
9.48 2.54296e-11 3.3343e-13 0.00782432 4.63785e-06 0.00782432 0.984347
9.6 1.80823e-11 3.30526e-13 0.00553021 2.67224e-06 0.00553021 0.988937
9.72 1.27601e-11 3.29023e-13 0.00386948 1.54836e-06 0.00386948 0.992259
9.84 8.94783e-12 3.28276e-13 0.0026807 9.06164e-07 0.0026807 0.994638
9.96 6.24675e-12 3.27929e-13 0.00183906 5.39321e-07 0.00183906 0.996321
10.08 4.35341e-12 3.27786e-13 0.00124957 3.29786e-07 0.00124957 0.997501
10.2 3.04014e-12 3.27741e-13 0.000841034 2.10094e-07 0.000841034 0.998318
10.32 2.13856e-12 3.27741e-13 0.00056083 1.41711e-07 0.00056083 0.998878
10.44 1.52583e-12 3.27757e-13 0.000370591 1.02634e-07 0.000370591 0.999259
10.56 1.1135e-12 3.27777e-13 0.000242714 8.03004e-08 0.000242714 0.999514
10.68 8.38704e-13 3.27795e-13 0.00015759 6.75357e-08 0.00015759 0.999685
10.8 6.5728e-13 3.27809e-13 0.000101464 6.02412e-08 0.000101464 0.999797
10.92 5.38605e-13 3.2782e-13 6.48032e-05 5.60747e-08 6.48032e-05 0.99987
11.04 4.61683e-13 3.27828e-13 4.10772e-05 5.3697e-08 4.10772e-05 0.999918
11.16 4.12284e-13 3.27834e-13 2.58662e-05 5.23425e-08 2.58662e-05 0.999948
11.28 3.80881e-13 3.27837e-13 1.62138e-05 5.15729e-08 1.62138e-05 0.999968
11.4 3.61172e-13 3.2784e-13 1.01674e-05 5.1138e-08 1.01674e-05 0.99998
11.52 3.49059e-13 3.27842e-13 6.45805e-06 5.08952e-08 6.45805e-06 0.999987
11.64 3.41935e-13 3.27843e-13 4.28049e-06 5.07637e-08 4.28049e-06 0.999991
11.76 3.38224e-13 3.27843e-13 3.14765e-06 5.06993e-08 3.14765e-06 0.999994
11.88 3.3708e-13 3.27843e-13 2.79864e-06 5.06802e-08 2.79864e-06 0.999994
