0 0.000167494 0.000127583 1.48362e-22 1.41592e-25 1.48362e-22 0.999705
0.12 0.000172402 0.000127582 1.66716e-22 1.42261e-25 1.66716e-22 0.9997
0.24 0.000186358 0.000127581 2.18925e-22 1.44244e-25 2.18925e-22 0.999686
0.36 0.000211031 0.000127579 3.1126e-22 1.48019e-25 3.1126e-22 0.999661
0.48 0.000250233 0.000127575 4.58061e-22 1.54631e-25 4.58061e-22 0.999622
0.6 0.000310269 0.00012757 6.83015e-22 1.65976e-25 6.83015e-22 0.999562
0.72 0.000400708 0.000127563 1.0221e-21 1.85356e-25 1.0221e-21 0.999472
0.84 0.000535606 0.000127554 1.52816e-21 2.18462e-25 1.52816e-21 0.999337
0.96 0.000735239 0.000127541 2.27746e-21 2.75101e-25 2.27746e-21 0.999137
1.08 0.00102847 0.000127525 3.37858e-21 3.72167e-25 3.37858e-21 0.998844
1.2 0.0014559 0.000127505 4.98435e-21 5.38811e-25 4.98435e-21 0.998417
1.32 0.00207401 0.000127485 7.30733e-21 8.25386e-25 7.30733e-21 0.997799
1.44 0.00296044 0.00012747 1.06398e-20 1.31895e-24 1.06398e-20 0.996912
1.56 0.00422065 0.000127474 1.5379e-20 2.1701e-24 1.5379e-20 0.995652
1.68 0.0059961 0.000127523 2.20577e-20 3.63949e-24 2.20577e-20 0.993876
1.8 0.00847407 0.000127668 3.13812e-20 6.17815e-24 3.13812e-20 0.991398
1.92 0.0118991 0.000128008 4.42709e-20 1.0566e-23 4.42709e-20 0.987973
2.04 0.0165858 0.000128717 6.19122e-20 1.81503e-23 6.19122e-20 0.983285
2.16 0.0229323 0.00013011 8.58058e-20 3.12533e-23 8.58058e-20 0.976937
2.28 0.0314338 0.000132743 1.17818e-19 5.38668e-23 1.17818e-19 0.968433
2.4 0.0426926 0.000137583 1.60218e-19 9.28265e-23 1.60218e-19 0.95717
2.52 0.0574228 0.000146293 2.157e-19 1.59777e-22 2.157e-19 0.942431
2.64 0.0764422 0.000161712 2.87346e-19 2.74431e-22 2.87346e-19 0.923396
2.76 0.100645 0.000188623 3.78529e-19 4.69886e-22 3.78529e-19 0.899166
2.88 0.130943 0.000235004 4.92688e-19 8.01178e-22 4.92688e-19 0.868822
3 0.168165 0.000313997 6.32953e-19 1.35878e-21 6.32953e-19 0.831521
3.12 0.212911 0.000446983 8.0159e-19 2.2895e-21 8.0159e-19 0.786642
3.24 0.26536 0.00066829 9.99282e-19 3.82828e-21 9.99282e-19 0.733972
3.36 0.32507 0.00103236 1.22437e-18 6.346e-21 1.22437e-18 0.673898
3.48 0.390807 0.00162471 1.47221e-18 1.04214e-20 1.47221e-18 0.607568
3.6 0.460493 0.00257911 1.73497e-18 1.69519e-20 1.73497e-18 0.536928
3.72 0.531308 0.00410588 2.00202e-18 2.73339e-20 2.00202e-18 0.464587
3.84 0.59996 0.0065422 2.26098e-18 4.37804e-20 2.26098e-18 0.393498
3.96 0.663044 0.0104499 2.49897e-18 6.99444e-20 2.49897e-18 0.326506
4.08 0.717289 0.0168233 2.70368e-18 1.12268e-19 2.70368e-18 0.265888
4.2 0.759434 0.0275656 2.8628e-18 1.83146e-19 2.8628e-18 0.213
4.32 0.785298 0.046609 2.96056e-18 3.08567e-19 2.96056e-18 0.168093
4.44 0.787333 0.0824174 2.96847e-18 5.45652e-19 2.96847e-18 0.130249
4.56 0.750309 0.152227 2.8291e-18 1.01381e-18 2.8291e-18 0.0974638
4.68 0.650385 0.282215 2.4525e-18 1.90244e-18 2.4525e-18 0.0673998
4.8 0.479959 0.47996 1.80997e-18 3.29109e-18 1.80997e-18 0.0400815
4.92 0.293564 0.686699 1.10712e-18 4.80863e-18 1.10712e-18 0.0197363
5.04 0.159353 0.832093 6.00971e-19 5.97351e-18 6.00971e-19 0.00855483
5.16 0.0842906 0.912105 3.17857e-19 6.73688e-18 3.17857e-19 0.00360447
5.28 0.0457236 0.952693 1.72375e-19 7.25393e-18 1.72375e-19 0.00158357
5.4 0.0258276 0.97342 9.73168e-20 7.63234e-18 9.73168e-20 0.000752239
5.52 0.0153737 0.984229 5.78775e-20 7.90757e-18 5.78775e-20 0.00039687
5.64 0.0100673 0.989686 3.78513e-20 8.07696e-18 3.78513e-20 0.000246259
5.76 0.00796454 0.991835 2.98904e-20 8.12862e-18 2.98904e-20 0.00020045
5.88 0.0082891 0.99148 3.10383e-20 8.05863e-18 3.10383e-20 0.000230205
6 0.0109982 0.988653 4.10827e-20 7.8774e-18 4.10827e-20 0.000348155
6.12 0.0167623 0.982619 6.24538e-20 7.60591e-18 6.24538e-20 0.000618437
6.24 0.0273406 0.971444 1.01589e-19 7.26478e-18 1.01589e-19 0.0012154
6.36 0.046642 0.95076 1.72816e-19 6.85795e-18 1.72816e-19 0.00259753
6.48 0.0830441 0.910988 3.06848e-19 6.34931e-18 3.06848e-19 0.00596789
6.6 0.152663 0.833068 5.62758e-19 5.63415e-18 5.62758e-19 0.0142692
6.72 0.27594 0.690924 1.01535e-18 4.55876e-18 1.01535e-18 0.0331367
6.84 0.446276 0.486032 1.64003e-18 3.14509e-18 1.64003e-18 0.0676928
6.96 0.599398 0.286626 2.20073e-18 1.82769e-18 2.20073e-18 0.113976
7.08 0.682736 0.153759 2.50494e-18 9.70701e-19 2.50494e-18 0.163505
7.2 0.703318 0.082058 2.57893e-18 5.15317e-19 2.57893e-18 0.214624
7.32 0.684902 0.0453983 2.51008e-18 2.84639e-19 2.51008e-18 0.269699
7.44 0.643492 0.0261169 2.35717e-18 1.63735e-19 2.35717e-18 0.330391
7.56 0.587987 0.0154443 2.15285e-18 9.67471e-20 2.15285e-18 0.396569
7.68 0.524093 0.00927514 1.91805e-18 5.79001e-20 1.91805e-18 0.466632
7.8 0.456305 0.00561116 1.66923e-18 3.47486e-20 1.66923e-18 0.538083
7.92 0.388477 0.00340733 1.42048e-18 2.07882e-20 1.42048e-18 0.608115
8.04 0.323785 0.00207817 1.18339e-18 1.23584e-20 1.18339e-18 0.674137
8.16 0.264572 0.00127917 9.66517e-19 7.29164e-21 9.66517e-19 0.734149
8.28 0.212275 0.000801973 7.7508e-19 4.26908e-21 7.7508e-19 0.786923
8.4 0.167496 0.000519245 6.1124e-19 2.48144e-21 6.1124e-19 0.831985
8.52 0.130165 0.000353143 4.74713e-19 1.43314e-21 4.74713e-19 0.869482
8.64 0.0997518 0.000256377 3.63538e-19 8.23204e-22 3.63538e-19 0.899992
8.76 0.0754661 0.000200466 2.74799e-19 4.70742e-22 2.74799e-19 0.924333
8.88 0.0564107 0.000168424 2.05201e-19 2.68239e-22 2.05201e-19 0.943421
9 0.0416914 0.000150214 1.51464e-19 1.52442e-22 1.51464e-19 0.958158
9.12 0.0304826 0.000139958 1.10561e-19 8.64749e-23 1.10561e-19 0.969377
9.24 0.0220591 0.000134238 7.98372e-20 4.90039e-23 7.98372e-20 0.977807
9.36 0.0158074 0.000131087 5.70461e-20 2.77661e-23 5.70461e-20 0.984062
9.48 0.0112227 0.000129376 4.03412e-20 1.57479e-23 4.03412e-20 0.988648
9.6 0.00789937 0.000128464 2.82387e-20 8.95436e-24 2.82387e-20 0.991972
9.72 0.00551732 0.000127989 1.95694e-20 5.11674e-24 1.95694e-20 0.994355
9.84 0.00382874 0.000127751 1.34279e-20 2.94969e-24 1.34279e-20 0.996044
9.96 0.00264466 0.000127637 9.12426e-21 1.72614e-24 9.12426e-21 0.997228
10.08 0.00182314 0.000127587 6.14064e-21 1.03525e-24 6.14064e-21 0.998049
10.2 0.0012591 0.000127569 4.09379e-21 6.45073e-25 4.09379e-21 0.998613
10.32 0.000875779 0.000127565 2.70401e-21 4.2466e-25 2.70401e-21 0.998997
10.44 0.000617887 0.000127567 1.76987e-21 3.00112e-25 1.76987e-21 0.999255
10.56 0.000446078 0.000127571 1.14819e-21 2.29717e-25 1.14819e-21 0.999426
10.68 0.000332713 0.000127575 7.38454e-22 1.89922e-25 7.38454e-22 0.99954
10.8 0.000258609 0.000127579 4.70956e-22 1.67425e-25 4.70956e-22 0.999614
10.92 0.000210613 0.000127581 2.97936e-22 1.54708e-25 2.97936e-22 0.999662
11.04 0.000179807 0.000127583 1.8705e-22 1.47525e-25 1.8705e-22 0.999693
11.16 0.000160216 0.000127584 1.16644e-22 1.43471e-25 1.16644e-22 0.999712
11.28 0.000147879 0.000127585 7.23878e-23 1.41188e-25 7.23878e-23 0.999725
11.4 0.000140208 0.000127586 4.49177e-23 1.39908e-25 4.49177e-23 0.999732
11.52 0.000135533 0.000127586 2.82081e-23 1.39198e-25 2.82081e-23 0.999737
11.64 0.000132804 0.000127587 1.84712e-23 1.38815e-25 1.84712e-23 0.99974
11.76 0.000131391 0.000127587 1.34337e-23 1.38629e-25 1.34337e-23 0.999741
11.88 0.000130956 0.000127587 1.18863e-23 1.38573e-25 1.18863e-23 0.999741
