0 0.000354236 0.000127562 8.69897e-22 1.5821e-25 8.69897e-22 0.999518
0.12 0.00038141 0.000127559 9.74465e-22 1.62156e-25 9.74465e-22 0.999491
0.24 0.000428209 0.000127555 1.15457e-21 1.69318e-25 1.15457e-21 0.999444
0.36 0.000501966 0.000127548 1.43845e-21 1.81451e-25 1.43845e-21 0.99937
0.48 0.000611992 0.000127538 1.86198e-21 2.01261e-25 1.86198e-21 0.99926
0.6 0.000771752 0.000127524 2.47704e-21 2.33246e-25 2.47704e-21 0.9991
0.72 0.00100046 0.000127505 3.35763e-21 2.84865e-25 3.35763e-21 0.998872
0.84 0.00132508 0.00012748 4.60771e-21 3.68485e-25 4.60771e-21 0.998547
0.96 0.00178304 0.000127448 6.37141e-21 5.0464e-25 6.37141e-21 0.998089
1.08 0.00242565 0.000127408 8.84641e-21 7.2753e-25 8.84641e-21 0.997447
1.2 0.00332256 0.000127361 1.23011e-20 1.09428e-24 1.23011e-20 0.99655
1.32 0.00456739 0.000127311 1.70961e-20 1.70055e-24 1.70961e-20 0.995305
1.44 0.00628461 0.000127267 2.3711e-20 2.70688e-24 2.3711e-20 0.993588
1.56 0.0086379 0.000127253 3.27762e-20 4.38314e-24 3.27762e-20 0.991235
1.68 0.01184 0.00012731 4.51112e-20 7.18341e-24 4.51112e-20 0.988033
1.8 0.0161639 0.000127519 6.17676e-20 1.1872e-23 6.17676e-20 0.983709
1.92 0.0219551 0.000128028 8.4076e-20 1.97348e-23 8.4076e-20 0.977917
2.04 0.0296442 0.000129099 1.13695e-19 3.29322e-23 1.13695e-19 0.970227
2.16 0.0397583 0.000131189 1.52654e-19 5.50849e-23 1.52654e-19 0.960111
2.28 0.0529287 0.000135085 2.03385e-19 9.2239e-23 2.03385e-19 0.946936
2.4 0.0698907 0.00014212 2.68717e-19 1.54441e-22 2.68717e-19 0.929967
2.52 0.0914692 0.000154527 3.51828e-19 2.58271e-22 3.51828e-19 0.908376
2.64 0.118542 0.000176002 4.56096e-19 4.30872e-22 4.56096e-19 0.881282
2.76 0.151968 0.000212583 5.84828e-19 7.16215e-22 5.84828e-19 0.847819
2.88 0.192477 0.000274004 7.40828e-19 1.18469e-21 7.40828e-19 0.807249
3 0.240509 0.000375736 9.25787e-19 1.94741e-21 9.25787e-19 0.759115
3.12 0.296025 0.000542009 1.13955e-18 3.17727e-21 1.13955e-18 0.703433
3.24 0.358321 0.000810269 1.3794e-18 5.13934e-21 1.3794e-18 0.640868
3.36 0.425909 0.00123775 1.63961e-18 8.23499e-21 1.63961e-18 0.572853
3.48 0.496522 0.00191144 1.91142e-18 1.30673e-20 1.91142e-18 0.501567
3.6 0.567297 0.00296381 2.18382e-18 2.05425e-20 2.18382e-18 0.429739
3.72 0.635114 0.00459956 2.44479e-18 3.20408e-20 2.44479e-18 0.360286
3.84 0.696988 0.00714443 2.68283e-18 4.97283e-20 2.68283e-18 0.295867
3.96 0.750365 0.0111426 2.8881e-18 7.71927e-20 2.8881e-18 0.238492
4.08 0.793153 0.0175672 3.05256e-18 1.20855e-19 3.05256e-18 0.189279
4.2 0.823286 0.0283082 3.16825e-18 1.93342e-19 3.16825e-18 0.148406
4.32 0.837475 0.04733 3.22252e-18 3.21743e-19 3.22252e-18 0.115195
4.44 0.828485 0.0832674 3.18753e-18 5.6671e-19 3.18753e-18 0.0882475
4.56 0.780584 0.153837 3.00278e-18 1.05667e-18 3.00278e-18 0.0655796
4.68 0.668913 0.285932 2.57268e-18 1.99647e-18 2.57268e-18 0.0451551
4.8 0.486632 0.486632 1.87109e-18 3.46991e-18 1.87109e-18 0.0267362
4.92 0.292021 0.694875 1.12231e-18 5.07425e-18 1.12231e-18 0.0131043
5.04 0.155189 0.83914 5.95994e-19 6.29022e-18 5.95994e-19 0.00567023
5.16 0.0802442 0.917359 3.07826e-19 7.07036e-18 3.07826e-19 0.00239635
5.28 0.0425096 0.956428 1.62816e-19 7.57553e-18 1.62816e-19 0.0010627
5.4 0.0235216 0.975962 8.99058e-20 7.91364e-18 8.99058e-20 0.000516779
5.52 0.0139141 0.985796 5.30442e-20 8.12108e-18 5.30442e-20 0.000290065
5.64 0.00937694 0.990416 3.56248e-20 8.20164e-18 3.56248e-20 0.000207004
5.76 0.00797984 0.991813 3.01846e-20 8.15579e-18 3.01846e-20 0.000207456
5.88 0.00897712 0.990739 3.37912e-20 7.99407e-18 3.37912e-20 0.000284083
6 0.0123818 0.987147 4.63769e-20 7.73799e-18 4.63769e-20 0.000471657
6.12 0.0189698 0.980155 7.06983e-20 7.41285e-18 7.06983e-20 0.000874958
6.24 0.0307207 0.967513 1.13905e-19 7.03656e-18 1.13905e-19 0.00176637
6.36 0.052023 0.944116 1.91902e-19 6.60465e-18 1.91902e-19 0.0038615
6.48 0.0921868 0.898786 3.38453e-19 6.06759e-18 3.38453e-19 0.00902728
6.6 0.168255 0.810058 6.15333e-19 5.30525e-18 6.15333e-19 0.0216876
6.72 0.297793 0.652676 1.08598e-18 4.17179e-18 1.08598e-18 0.0495323
6.84 0.46216 0.440588 1.6821e-18 2.76381e-18 1.6821e-18 0.0972516
6.96 0.592305 0.251203 2.1528e-18 1.554e-18 2.1528e-18 0.15649
7.08 0.650534 0.13264 2.36191e-18 8.12828e-19 2.36191e-18 0.216826
7.2 0.652334 0.0703923 2.36634e-18 4.29028e-19 2.36634e-18 0.277274
7.32 0.620878 0.0387682 2.25045e-18 2.35602e-19 2.25045e-18 0.340354
7.44 0.570683 0.022137 2.06702e-18 1.34196e-19 2.06702e-18 0.40718
7.56 0.510125 0.0129543 1.84642e-18 7.82011e-20 1.84642e-18 0.476921
7.68 0.444813 0.00768595 1.60897e-18 4.60384e-20 1.60897e-18 0.547501
7.8 0.379036 0.00459402 1.37017e-18 2.71497e-20 1.37017e-18 0.61637
7.92 0.316127 0.00276124 1.14203e-18 1.596e-20 1.14203e-18 0.681112
8.04 0.258472 0.00167308 9.33146e-19 9.33035e-21 9.33146e-19 0.739855
8.16 0.207515 0.00102905 7.48673e-19 5.42015e-21 7.48673e-19 0.791456
8.28 0.163857 0.000649982 5.90738e-19 3.12904e-21 5.90738e-19 0.835493
8.4 0.127438 0.000428312 4.59079e-19 1.79618e-21 4.59079e-19 0.872133
8.52 0.097748 0.000299552 3.51812e-19 1.02605e-21 3.51812e-19 0.901952
8.64 0.07402 0.000225251 2.6614e-19 5.83783e-22 2.6614e-19 0.925755
8.76 0.0553854 0.000182652 1.98899e-19 3.31105e-22 1.98899e-19 0.944432
8.88 0.0409771 0.000158385 1.4694e-19 1.87354e-22 1.4694e-19 0.958865
9 0.0299936 0.000144653 1.07357e-19 1.05847e-22 1.07357e-19 0.969862
9.12 0.0217304 0.00013694 7.75968e-20 5.97498e-23 7.75968e-20 0.978133
9.24 0.0155906 0.000132643 5.54996e-20 3.37278e-23 5.54996e-20 0.984277
9.36 0.0110827 0.000130273 3.92871e-20 1.90571e-23 3.92871e-20 0.988787
9.48 0.0078109 0.000128981 2.75292e-20 1.07928e-23 2.75292e-20 0.99206
9.6 0.0054628 0.000128288 1.90977e-20 6.1393e-24 1.90977e-20 0.994409
9.72 0.00379609 0.000127923 1.31182e-20 3.51925e-24 1.31182e-20 0.996076
9.84 0.00262576 0.000127737 8.92333e-21 2.0439e-24 8.92333e-21 0.997247
9.96 0.00181266 0.000127645 6.01182e-21 1.21288e-24 6.01182e-21 0.99806
10.08 0.00125361 0.000127602 4.01213e-21 7.44571e-25 4.01213e-21 0.998619
10.2 0.000873143 0.000127584 2.65281e-21 4.80528e-25 2.65281e-21 0.998999
10.32 0.000616806 0.000127578 1.73811e-21 3.31567e-25 1.73811e-21 0.999256
10.44 0.000445789 0.000127577 1.12868e-21 2.4748e-25 1.12868e-21 0.999427
10.56 0.000332785 0.000127579 7.26566e-22 1.99988e-25 7.26566e-22 0.99954
10.68 0.000258812 0.000127581 4.63759e-22 1.73151e-25 4.63759e-22 0.999614
10.8 0.000210832 0.000127582 2.93587e-22 1.57981e-25 2.93587e-22 0.999662
10.92 0.000179987 0.000127584 1.84397e-22 1.49405e-25 1.84397e-22 0.999692
11.04 0.000160334 0.000127585 1.14963e-22 1.44557e-25 1.14963e-22 0.999712
11.16 0.000147922 0.000127586 7.12107e-23 1.41819e-25 7.12107e-23 0.999724
11.28 0.00014016 0.000127586 4.39109e-23 1.40275e-25 4.39109e-23 0.999732
11.4 0.000135364 0.000127586 2.70867e-23 1.39408e-25 2.70867e-23 0.999737
11.52 0.00013246 0.000127587 1.69232e-23 1.38927e-25 1.69232e-23 0.99974
11.64 0.000130776 0.000127587 1.104e-23 1.38667e-25 1.104e-23 0.999742
11.76 0.000129908 0.000127587 8.01581e-24 1.3854e-25 8.01581e-24 0.999743
11.88 0.000129643 0.000127587 7.09357e-24 1.38503e-25 7.09357e-24 0.999743
